"filename","indicator1","indicator2","indicator3","X","Y","Z","X,Y","Y,Z","X,Z","X,Y,Z","pop"
"afhr70dt","blank1","blank2","ext",100,100,2,100,2,2,2,31732000
"afhr70dt","blank1","blank2","female",100,100,48,100,48,48,48,31732000
"afhr70dt","blank1","blank2","fifteento49",100,100,45,100,45,45,45,31732000
"afhr70dt","blank1","blank2","fiveto14",100,100,30,100,30,30,30,31732000
"afhr70dt","blank1","blank2","gt49",100,100,9,100,9,9,9,31732000
"afhr70dt","blank1","blank2","higher",100,100,4,100,4,4,4,10736000
"afhr70dt","blank1","blank2","male",100,100,52,100,52,52,52,31732000
"afhr70dt","blank1","blank2","no.birth.reg",100,100,56,100,56,56,56,5236000
"afhr70dt","blank1","blank2","no.educ",100,100,80,100,80,80,80,10736000
"afhr70dt","blank1","blank2","no.skilled.attendant",100,100,44,100,44,44,44,6942000
"afhr70dt","blank1","blank2","non.p20",100,100,65,100,65,65,65,31732000
"afhr70dt","blank1","blank2","p20",100,100,35,100,35,35,35,31732000
"afhr70dt","blank1","blank2","primary",100,100,20,100,20,20,20,10736000
"afhr70dt","blank1","blank2","rural",100,100,75,100,75,75,75,31732000
"afhr70dt","blank1","blank2","secondary",100,100,10,100,10,10,10,10736000
"afhr70dt","blank1","blank2","stunted",100,100,,100,,,,5236000
"afhr70dt","blank1","blank2","under5",100,100,16,100,16,16,16,31732000
"afhr70dt","blank1","blank2","urban",100,100,25,100,25,25,25,31732000
"afhr70dt","blank1","ext","female",100,2,48,2,1,48,1,31732000
"afhr70dt","blank1","ext","fifteento49",100,2,45,2,1,45,1,31732000
"afhr70dt","blank1","ext","fiveto14",100,2,30,2,1,30,1,31732000
"afhr70dt","blank1","ext","gt49",100,2,9,2,0,9,0,31732000
"afhr70dt","blank1","ext","higher",100,2,4,2,0,4,0,10736000
"afhr70dt","blank1","ext","male",100,2,52,2,1,52,1,31732000
"afhr70dt","blank1","ext","no.birth.reg",100,2,56,2,1,56,1,5236000
"afhr70dt","blank1","ext","no.educ",100,2,80,2,2,80,2,10736000
"afhr70dt","blank1","ext","no.skilled.attendant",100,2,44,2,2,44,2,6942000
"afhr70dt","blank1","ext","non.p20",100,2,65,2,0,65,0,31732000
"afhr70dt","blank1","ext","p20",100,2,35,2,2,35,2,31732000
"afhr70dt","blank1","ext","primary",100,2,20,2,0,20,0,10736000
"afhr70dt","blank1","ext","rural",100,2,75,2,2,75,2,31732000
"afhr70dt","blank1","ext","secondary",100,2,10,2,0,10,0,10736000
"afhr70dt","blank1","ext","stunted",100,2,,2,0,,0,5236000
"afhr70dt","blank1","ext","under5",100,2,16,2,0,16,0,31732000
"afhr70dt","blank1","ext","urban",100,2,25,2,0,25,0,31732000
"afhr70dt","blank1","female","fifteento49",100,48,45,48,22,45,22,31732000
"afhr70dt","blank1","female","fiveto14",100,48,30,48,14,30,14,31732000
"afhr70dt","blank1","female","gt49",100,48,9,48,4,9,4,31732000
"afhr70dt","blank1","female","higher",100,48,4,48,1,4,1,10736000
"afhr70dt","blank1","female","male",100,48,52,48,0,52,0,31732000
"afhr70dt","blank1","female","no.birth.reg",100,49,56,49,27,56,27,5236000
"afhr70dt","blank1","female","no.educ",100,48,80,48,45,80,45,10736000
"afhr70dt","blank1","female","no.skilled.attendant",100,100,44,100,44,44,44,6942000
"afhr70dt","blank1","female","non.p20",100,48,65,48,31,65,31,31732000
"afhr70dt","blank1","female","p20",100,48,35,48,17,35,17,31732000
"afhr70dt","blank1","female","primary",100,48,20,48,3,20,3,10736000
"afhr70dt","blank1","female","rural",100,48,75,48,36,75,36,31732000
"afhr70dt","blank1","female","secondary",100,48,10,48,2,10,2,10736000
"afhr70dt","blank1","female","stunted",100,49,,49,0,,0,5236000
"afhr70dt","blank1","female","under5",100,48,16,48,8,16,8,31732000
"afhr70dt","blank1","female","urban",100,48,25,48,12,25,12,31732000
"afhr70dt","blank1","fifteento49","fiveto14",100,45,30,45,0,30,0,31732000
"afhr70dt","blank1","fifteento49","gt49",100,45,9,45,0,9,0,31732000
"afhr70dt","blank1","fifteento49","higher",100,73,4,73,3,4,3,10736000
"afhr70dt","blank1","fifteento49","male",100,45,52,45,23,52,23,31732000
"afhr70dt","blank1","fifteento49","no.birth.reg",100,0,56,0,0,56,0,5236000
"afhr70dt","blank1","fifteento49","no.educ",100,73,80,73,57,80,57,10736000
"afhr70dt","blank1","fifteento49","no.skilled.attendant",100,100,44,100,44,44,44,6942000
"afhr70dt","blank1","fifteento49","non.p20",100,45,65,45,29,65,29,31732000
"afhr70dt","blank1","fifteento49","p20",100,45,35,45,15,35,15,31732000
"afhr70dt","blank1","fifteento49","primary",100,73,20,73,16,20,16,10736000
"afhr70dt","blank1","fifteento49","rural",100,45,75,45,33,75,33,31732000
"afhr70dt","blank1","fifteento49","secondary",100,73,10,73,8,10,8,10736000
"afhr70dt","blank1","fifteento49","stunted",100,0,,0,0,,0,5236000
"afhr70dt","blank1","fifteento49","under5",100,45,16,45,0,16,0,31732000
"afhr70dt","blank1","fifteento49","urban",100,45,25,45,12,25,12,31732000
"afhr70dt","blank1","fiveto14","gt49",100,30,9,30,0,9,0,31732000
"afhr70dt","blank1","fiveto14","higher",100,0,4,0,0,4,0,10736000
"afhr70dt","blank1","fiveto14","male",100,30,52,30,16,52,16,31732000
"afhr70dt","blank1","fiveto14","no.birth.reg",100,0,56,0,0,56,0,5236000
"afhr70dt","blank1","fiveto14","no.educ",100,0,80,0,0,80,0,10736000
"afhr70dt","blank1","fiveto14","no.skilled.attendant",100,0,44,0,0,44,0,6942000
"afhr70dt","blank1","fiveto14","non.p20",100,30,65,30,19,65,19,31732000
"afhr70dt","blank1","fiveto14","p20",100,30,35,30,11,35,11,31732000
"afhr70dt","blank1","fiveto14","primary",100,0,20,0,0,20,0,10736000
"afhr70dt","blank1","fiveto14","rural",100,30,75,30,23,75,23,31732000
"afhr70dt","blank1","fiveto14","secondary",100,0,10,0,0,10,0,10736000
"afhr70dt","blank1","fiveto14","stunted",100,0,,0,0,,0,5236000
"afhr70dt","blank1","fiveto14","under5",100,30,16,30,0,16,0,31732000
"afhr70dt","blank1","fiveto14","urban",100,30,25,30,7,25,7,31732000
"afhr70dt","blank1","gt49","higher",100,27,4,27,1,4,1,10736000
"afhr70dt","blank1","gt49","male",100,9,52,9,5,52,5,31732000
"afhr70dt","blank1","gt49","no.birth.reg",100,0,56,0,0,56,0,5236000
"afhr70dt","blank1","gt49","no.educ",100,27,80,27,23,80,23,10736000
"afhr70dt","blank1","gt49","no.skilled.attendant",100,0,44,0,0,44,0,6942000
"afhr70dt","blank1","gt49","non.p20",100,9,65,9,5,65,5,31732000
"afhr70dt","blank1","gt49","p20",100,9,35,9,3,35,3,31732000
"afhr70dt","blank1","gt49","primary",100,27,20,27,3,20,3,10736000
"afhr70dt","blank1","gt49","rural",100,9,75,9,6,75,6,31732000
"afhr70dt","blank1","gt49","secondary",100,27,10,27,2,10,2,10736000
"afhr70dt","blank1","gt49","stunted",100,0,,0,0,,0,5236000
"afhr70dt","blank1","gt49","under5",100,9,16,9,0,16,0,31732000
"afhr70dt","blank1","gt49","urban",100,9,25,9,2,25,2,31732000
"afhr70dt","blank1","higher","male",100,4,52,4,3,52,3,10736000
"afhr70dt","blank1","higher","no.birth.reg",,,,,,,,10736000
"afhr70dt","blank1","higher","no.educ",100,4,80,4,0,80,0,10736000
"afhr70dt","blank1","higher","no.skilled.attendant",100,1,46,1,0,46,0,3857000
"afhr70dt","blank1","higher","non.p20",100,4,65,4,4,65,4,10736000
"afhr70dt","blank1","higher","p20",100,4,35,4,0,35,0,10736000
"afhr70dt","blank1","higher","primary",100,4,20,4,4,20,4,10736000
"afhr70dt","blank1","higher","rural",100,4,75,4,2,75,2,10736000
"afhr70dt","blank1","higher","secondary",100,4,10,4,4,10,4,10736000
"afhr70dt","blank1","higher","stunted",,,,,,,,10736000
"afhr70dt","blank1","higher","under5",100,4,0,4,0,0,0,10736000
"afhr70dt","blank1","higher","urban",100,4,25,4,2,25,2,10736000
"afhr70dt","blank1","male","no.birth.reg",100,51,56,51,28,56,28,5236000
"afhr70dt","blank1","male","no.educ",100,52,80,52,35,80,35,10736000
"afhr70dt","blank1","male","no.skilled.attendant",100,0,44,0,0,44,0,6942000
"afhr70dt","blank1","male","non.p20",100,52,65,52,33,65,33,31732000
"afhr70dt","blank1","male","p20",100,52,35,52,18,35,18,31732000
"afhr70dt","blank1","male","primary",100,52,20,52,17,20,17,10736000
"afhr70dt","blank1","male","rural",100,52,75,52,39,75,39,31732000
"afhr70dt","blank1","male","secondary",100,52,10,52,8,10,8,10736000
"afhr70dt","blank1","male","stunted",100,51,,51,0,,0,5236000
"afhr70dt","blank1","male","under5",100,52,16,52,8,16,8,31732000
"afhr70dt","blank1","male","urban",100,52,25,52,13,25,13,31732000
"afhr70dt","blank1","no.birth.reg","no.educ",,,,,,,,10736000
"afhr70dt","blank1","no.birth.reg","no.skilled.attendant",,,,,,,,5236000
"afhr70dt","blank1","no.birth.reg","non.p20",100,56,65,56,32,65,32,5236000
"afhr70dt","blank1","no.birth.reg","p20",100,56,35,56,24,35,24,5236000
"afhr70dt","blank1","no.birth.reg","primary",,,,,,,,10736000
"afhr70dt","blank1","no.birth.reg","rural",100,56,77,56,48,77,48,5236000
"afhr70dt","blank1","no.birth.reg","secondary",,,,,,,,10736000
"afhr70dt","blank1","no.birth.reg","stunted",100,56,,56,0,,0,5236000
"afhr70dt","blank1","no.birth.reg","under5",100,56,100,56,56,100,56,5236000
"afhr70dt","blank1","no.birth.reg","urban",100,56,23,56,8,23,8,5236000
"afhr70dt","blank1","no.educ","no.skilled.attendant",100,93,46,93,45,46,45,3857000
"afhr70dt","blank1","no.educ","non.p20",100,80,65,80,49,65,49,10736000
"afhr70dt","blank1","no.educ","p20",100,80,35,80,31,35,31,10736000
"afhr70dt","blank1","no.educ","primary",100,80,20,80,0,20,0,10736000
"afhr70dt","blank1","no.educ","rural",100,80,75,80,63,75,63,10736000
"afhr70dt","blank1","no.educ","secondary",100,80,10,80,0,10,0,10736000
"afhr70dt","blank1","no.educ","stunted",,,,,,,,10736000
"afhr70dt","blank1","no.educ","under5",100,80,0,80,0,0,0,10736000
"afhr70dt","blank1","no.educ","urban",100,80,25,80,17,25,17,10736000
"afhr70dt","blank1","no.skilled.attendant","non.p20",100,44,64,44,21,64,21,6942000
"afhr70dt","blank1","no.skilled.attendant","p20",100,44,36,44,23,36,23,6942000
"afhr70dt","blank1","no.skilled.attendant","primary",100,46,7,46,1,7,1,3857000
"afhr70dt","blank1","no.skilled.attendant","rural",100,44,78,44,40,78,40,6942000
"afhr70dt","blank1","no.skilled.attendant","secondary",100,46,3,46,0,3,0,3857000
"afhr70dt","blank1","no.skilled.attendant","stunted",,,,,,,,5236000
"afhr70dt","blank1","no.skilled.attendant","under5",100,44,0,44,0,0,0,6942000
"afhr70dt","blank1","no.skilled.attendant","urban",100,44,22,44,4,22,4,6942000
"afhr70dt","blank1","non.p20","p20",100,65,35,65,0,35,0,31732000
"afhr70dt","blank1","non.p20","primary",100,65,20,65,16,20,16,10736000
"afhr70dt","blank1","non.p20","rural",100,65,75,65,41,75,41,31732000
"afhr70dt","blank1","non.p20","secondary",100,65,10,65,9,10,9,10736000
"afhr70dt","blank1","non.p20","stunted",100,65,,65,0,,0,5236000
"afhr70dt","blank1","non.p20","under5",100,65,16,65,10,16,10,31732000
"afhr70dt","blank1","non.p20","urban",100,65,25,65,23,25,23,31732000
"afhr70dt","blank1","p20","primary",100,35,20,35,4,20,4,10736000
"afhr70dt","blank1","p20","rural",100,35,75,35,34,75,34,31732000
"afhr70dt","blank1","p20","secondary",100,35,10,35,1,10,1,10736000
"afhr70dt","blank1","p20","stunted",100,35,,35,0,,0,5236000
"afhr70dt","blank1","p20","under5",100,35,16,35,6,16,6,31732000
"afhr70dt","blank1","p20","urban",100,35,25,35,1,25,1,31732000
"afhr70dt","blank1","primary","rural",100,20,75,20,11,75,11,10736000
"afhr70dt","blank1","primary","secondary",100,20,10,20,10,10,10,10736000
"afhr70dt","blank1","primary","stunted",,,,,,,,10736000
"afhr70dt","blank1","primary","under5",100,20,0,20,0,0,0,10736000
"afhr70dt","blank1","primary","urban",100,20,25,20,9,25,9,10736000
"afhr70dt","blank1","rural","secondary",100,75,10,75,5,10,5,10736000
"afhr70dt","blank1","rural","stunted",100,77,,77,0,,0,5236000
"afhr70dt","blank1","rural","under5",100,75,16,75,12,16,12,31732000
"afhr70dt","blank1","rural","urban",100,75,25,75,0,25,0,31732000
"afhr70dt","blank1","secondary","stunted",,,,,,,,10736000
"afhr70dt","blank1","secondary","under5",100,10,0,10,0,0,0,10736000
"afhr70dt","blank1","secondary","urban",100,10,25,10,5,25,5,10736000
"afhr70dt","blank1","stunted","under5",100,,100,,,100,,5236000
"afhr70dt","blank1","stunted","urban",100,,23,,0,23,0,5236000
"afhr70dt","blank1","under5","urban",100,16,25,16,4,25,4,31732000
"afhr70dt","blank2","ext","female",100,2,48,2,1,48,1,31732000
"afhr70dt","blank2","ext","fifteento49",100,2,45,2,1,45,1,31732000
"afhr70dt","blank2","ext","fiveto14",100,2,30,2,1,30,1,31732000
"afhr70dt","blank2","ext","gt49",100,2,9,2,0,9,0,31732000
"afhr70dt","blank2","ext","higher",100,2,4,2,0,4,0,10736000
"afhr70dt","blank2","ext","male",100,2,52,2,1,52,1,31732000
"afhr70dt","blank2","ext","no.birth.reg",100,2,56,2,1,56,1,5236000
"afhr70dt","blank2","ext","no.educ",100,2,80,2,2,80,2,10736000
"afhr70dt","blank2","ext","no.skilled.attendant",100,2,44,2,2,44,2,6942000
"afhr70dt","blank2","ext","non.p20",100,2,65,2,0,65,0,31732000
"afhr70dt","blank2","ext","p20",100,2,35,2,2,35,2,31732000
"afhr70dt","blank2","ext","primary",100,2,20,2,0,20,0,10736000
"afhr70dt","blank2","ext","rural",100,2,75,2,2,75,2,31732000
"afhr70dt","blank2","ext","secondary",100,2,10,2,0,10,0,10736000
"afhr70dt","blank2","ext","stunted",100,2,,2,0,,0,5236000
"afhr70dt","blank2","ext","under5",100,2,16,2,0,16,0,31732000
"afhr70dt","blank2","ext","urban",100,2,25,2,0,25,0,31732000
"afhr70dt","blank2","female","fifteento49",100,48,45,48,22,45,22,31732000
"afhr70dt","blank2","female","fiveto14",100,48,30,48,14,30,14,31732000
"afhr70dt","blank2","female","gt49",100,48,9,48,4,9,4,31732000
"afhr70dt","blank2","female","higher",100,48,4,48,1,4,1,10736000
"afhr70dt","blank2","female","male",100,48,52,48,0,52,0,31732000
"afhr70dt","blank2","female","no.birth.reg",100,49,56,49,27,56,27,5236000
"afhr70dt","blank2","female","no.educ",100,48,80,48,45,80,45,10736000
"afhr70dt","blank2","female","no.skilled.attendant",100,100,44,100,44,44,44,6942000
"afhr70dt","blank2","female","non.p20",100,48,65,48,31,65,31,31732000
"afhr70dt","blank2","female","p20",100,48,35,48,17,35,17,31732000
"afhr70dt","blank2","female","primary",100,48,20,48,3,20,3,10736000
"afhr70dt","blank2","female","rural",100,48,75,48,36,75,36,31732000
"afhr70dt","blank2","female","secondary",100,48,10,48,2,10,2,10736000
"afhr70dt","blank2","female","stunted",100,49,,49,0,,0,5236000
"afhr70dt","blank2","female","under5",100,48,16,48,8,16,8,31732000
"afhr70dt","blank2","female","urban",100,48,25,48,12,25,12,31732000
"afhr70dt","blank2","fifteento49","fiveto14",100,45,30,45,0,30,0,31732000
"afhr70dt","blank2","fifteento49","gt49",100,45,9,45,0,9,0,31732000
"afhr70dt","blank2","fifteento49","higher",100,73,4,73,3,4,3,10736000
"afhr70dt","blank2","fifteento49","male",100,45,52,45,23,52,23,31732000
"afhr70dt","blank2","fifteento49","no.birth.reg",100,0,56,0,0,56,0,5236000
"afhr70dt","blank2","fifteento49","no.educ",100,73,80,73,57,80,57,10736000
"afhr70dt","blank2","fifteento49","no.skilled.attendant",100,100,44,100,44,44,44,6942000
"afhr70dt","blank2","fifteento49","non.p20",100,45,65,45,29,65,29,31732000
"afhr70dt","blank2","fifteento49","p20",100,45,35,45,15,35,15,31732000
"afhr70dt","blank2","fifteento49","primary",100,73,20,73,16,20,16,10736000
"afhr70dt","blank2","fifteento49","rural",100,45,75,45,33,75,33,31732000
"afhr70dt","blank2","fifteento49","secondary",100,73,10,73,8,10,8,10736000
"afhr70dt","blank2","fifteento49","stunted",100,0,,0,0,,0,5236000
"afhr70dt","blank2","fifteento49","under5",100,45,16,45,0,16,0,31732000
"afhr70dt","blank2","fifteento49","urban",100,45,25,45,12,25,12,31732000
"afhr70dt","blank2","fiveto14","gt49",100,30,9,30,0,9,0,31732000
"afhr70dt","blank2","fiveto14","higher",100,0,4,0,0,4,0,10736000
"afhr70dt","blank2","fiveto14","male",100,30,52,30,16,52,16,31732000
"afhr70dt","blank2","fiveto14","no.birth.reg",100,0,56,0,0,56,0,5236000
"afhr70dt","blank2","fiveto14","no.educ",100,0,80,0,0,80,0,10736000
"afhr70dt","blank2","fiveto14","no.skilled.attendant",100,0,44,0,0,44,0,6942000
"afhr70dt","blank2","fiveto14","non.p20",100,30,65,30,19,65,19,31732000
"afhr70dt","blank2","fiveto14","p20",100,30,35,30,11,35,11,31732000
"afhr70dt","blank2","fiveto14","primary",100,0,20,0,0,20,0,10736000
"afhr70dt","blank2","fiveto14","rural",100,30,75,30,23,75,23,31732000
"afhr70dt","blank2","fiveto14","secondary",100,0,10,0,0,10,0,10736000
"afhr70dt","blank2","fiveto14","stunted",100,0,,0,0,,0,5236000
"afhr70dt","blank2","fiveto14","under5",100,30,16,30,0,16,0,31732000
"afhr70dt","blank2","fiveto14","urban",100,30,25,30,7,25,7,31732000
"afhr70dt","blank2","gt49","higher",100,27,4,27,1,4,1,10736000
"afhr70dt","blank2","gt49","male",100,9,52,9,5,52,5,31732000
"afhr70dt","blank2","gt49","no.birth.reg",100,0,56,0,0,56,0,5236000
"afhr70dt","blank2","gt49","no.educ",100,27,80,27,23,80,23,10736000
"afhr70dt","blank2","gt49","no.skilled.attendant",100,0,44,0,0,44,0,6942000
"afhr70dt","blank2","gt49","non.p20",100,9,65,9,5,65,5,31732000
"afhr70dt","blank2","gt49","p20",100,9,35,9,3,35,3,31732000
"afhr70dt","blank2","gt49","primary",100,27,20,27,3,20,3,10736000
"afhr70dt","blank2","gt49","rural",100,9,75,9,6,75,6,31732000
"afhr70dt","blank2","gt49","secondary",100,27,10,27,2,10,2,10736000
"afhr70dt","blank2","gt49","stunted",100,0,,0,0,,0,5236000
"afhr70dt","blank2","gt49","under5",100,9,16,9,0,16,0,31732000
"afhr70dt","blank2","gt49","urban",100,9,25,9,2,25,2,31732000
"afhr70dt","blank2","higher","male",100,4,52,4,3,52,3,10736000
"afhr70dt","blank2","higher","no.birth.reg",,,,,,,,10736000
"afhr70dt","blank2","higher","no.educ",100,4,80,4,0,80,0,10736000
"afhr70dt","blank2","higher","no.skilled.attendant",100,1,46,1,0,46,0,3857000
"afhr70dt","blank2","higher","non.p20",100,4,65,4,4,65,4,10736000
"afhr70dt","blank2","higher","p20",100,4,35,4,0,35,0,10736000
"afhr70dt","blank2","higher","primary",100,4,20,4,4,20,4,10736000
"afhr70dt","blank2","higher","rural",100,4,75,4,2,75,2,10736000
"afhr70dt","blank2","higher","secondary",100,4,10,4,4,10,4,10736000
"afhr70dt","blank2","higher","stunted",,,,,,,,10736000
"afhr70dt","blank2","higher","under5",100,4,0,4,0,0,0,10736000
"afhr70dt","blank2","higher","urban",100,4,25,4,2,25,2,10736000
"afhr70dt","blank2","male","no.birth.reg",100,51,56,51,28,56,28,5236000
"afhr70dt","blank2","male","no.educ",100,52,80,52,35,80,35,10736000
"afhr70dt","blank2","male","no.skilled.attendant",100,0,44,0,0,44,0,6942000
"afhr70dt","blank2","male","non.p20",100,52,65,52,33,65,33,31732000
"afhr70dt","blank2","male","p20",100,52,35,52,18,35,18,31732000
"afhr70dt","blank2","male","primary",100,52,20,52,17,20,17,10736000
"afhr70dt","blank2","male","rural",100,52,75,52,39,75,39,31732000
"afhr70dt","blank2","male","secondary",100,52,10,52,8,10,8,10736000
"afhr70dt","blank2","male","stunted",100,51,,51,0,,0,5236000
"afhr70dt","blank2","male","under5",100,52,16,52,8,16,8,31732000
"afhr70dt","blank2","male","urban",100,52,25,52,13,25,13,31732000
"afhr70dt","blank2","no.birth.reg","no.educ",,,,,,,,10736000
"afhr70dt","blank2","no.birth.reg","no.skilled.attendant",,,,,,,,5236000
"afhr70dt","blank2","no.birth.reg","non.p20",100,56,65,56,32,65,32,5236000
"afhr70dt","blank2","no.birth.reg","p20",100,56,35,56,24,35,24,5236000
"afhr70dt","blank2","no.birth.reg","primary",,,,,,,,10736000
"afhr70dt","blank2","no.birth.reg","rural",100,56,77,56,48,77,48,5236000
"afhr70dt","blank2","no.birth.reg","secondary",,,,,,,,10736000
"afhr70dt","blank2","no.birth.reg","stunted",100,56,,56,0,,0,5236000
"afhr70dt","blank2","no.birth.reg","under5",100,56,100,56,56,100,56,5236000
"afhr70dt","blank2","no.birth.reg","urban",100,56,23,56,8,23,8,5236000
"afhr70dt","blank2","no.educ","no.skilled.attendant",100,93,46,93,45,46,45,3857000
"afhr70dt","blank2","no.educ","non.p20",100,80,65,80,49,65,49,10736000
"afhr70dt","blank2","no.educ","p20",100,80,35,80,31,35,31,10736000
"afhr70dt","blank2","no.educ","primary",100,80,20,80,0,20,0,10736000
"afhr70dt","blank2","no.educ","rural",100,80,75,80,63,75,63,10736000
"afhr70dt","blank2","no.educ","secondary",100,80,10,80,0,10,0,10736000
"afhr70dt","blank2","no.educ","stunted",,,,,,,,10736000
"afhr70dt","blank2","no.educ","under5",100,80,0,80,0,0,0,10736000
"afhr70dt","blank2","no.educ","urban",100,80,25,80,17,25,17,10736000
"afhr70dt","blank2","no.skilled.attendant","non.p20",100,44,64,44,21,64,21,6942000
"afhr70dt","blank2","no.skilled.attendant","p20",100,44,36,44,23,36,23,6942000
"afhr70dt","blank2","no.skilled.attendant","primary",100,46,7,46,1,7,1,3857000
"afhr70dt","blank2","no.skilled.attendant","rural",100,44,78,44,40,78,40,6942000
"afhr70dt","blank2","no.skilled.attendant","secondary",100,46,3,46,0,3,0,3857000
"afhr70dt","blank2","no.skilled.attendant","stunted",,,,,,,,5236000
"afhr70dt","blank2","no.skilled.attendant","under5",100,44,0,44,0,0,0,6942000
"afhr70dt","blank2","no.skilled.attendant","urban",100,44,22,44,4,22,4,6942000
"afhr70dt","blank2","non.p20","p20",100,65,35,65,0,35,0,31732000
"afhr70dt","blank2","non.p20","primary",100,65,20,65,16,20,16,10736000
"afhr70dt","blank2","non.p20","rural",100,65,75,65,41,75,41,31732000
"afhr70dt","blank2","non.p20","secondary",100,65,10,65,9,10,9,10736000
"afhr70dt","blank2","non.p20","stunted",100,65,,65,0,,0,5236000
"afhr70dt","blank2","non.p20","under5",100,65,16,65,10,16,10,31732000
"afhr70dt","blank2","non.p20","urban",100,65,25,65,23,25,23,31732000
"afhr70dt","blank2","p20","primary",100,35,20,35,4,20,4,10736000
"afhr70dt","blank2","p20","rural",100,35,75,35,34,75,34,31732000
"afhr70dt","blank2","p20","secondary",100,35,10,35,1,10,1,10736000
"afhr70dt","blank2","p20","stunted",100,35,,35,0,,0,5236000
"afhr70dt","blank2","p20","under5",100,35,16,35,6,16,6,31732000
"afhr70dt","blank2","p20","urban",100,35,25,35,1,25,1,31732000
"afhr70dt","blank2","primary","rural",100,20,75,20,11,75,11,10736000
"afhr70dt","blank2","primary","secondary",100,20,10,20,10,10,10,10736000
"afhr70dt","blank2","primary","stunted",,,,,,,,10736000
"afhr70dt","blank2","primary","under5",100,20,0,20,0,0,0,10736000
"afhr70dt","blank2","primary","urban",100,20,25,20,9,25,9,10736000
"afhr70dt","blank2","rural","secondary",100,75,10,75,5,10,5,10736000
"afhr70dt","blank2","rural","stunted",100,77,,77,0,,0,5236000
"afhr70dt","blank2","rural","under5",100,75,16,75,12,16,12,31732000
"afhr70dt","blank2","rural","urban",100,75,25,75,0,25,0,31732000
"afhr70dt","blank2","secondary","stunted",,,,,,,,10736000
"afhr70dt","blank2","secondary","under5",100,10,0,10,0,0,0,10736000
"afhr70dt","blank2","secondary","urban",100,10,25,10,5,25,5,10736000
"afhr70dt","blank2","stunted","under5",100,,100,,,100,,5236000
"afhr70dt","blank2","stunted","urban",100,,23,,0,23,0,5236000
"afhr70dt","blank2","under5","urban",100,16,25,16,4,25,4,31732000
"afhr70dt","ext","female","fifteento49",2,48,45,1,22,1,0,31732000
"afhr70dt","ext","female","fiveto14",2,48,30,1,14,1,0,31732000
"afhr70dt","ext","female","gt49",2,48,9,1,4,0,0,31732000
"afhr70dt","ext","female","higher",2,48,4,1,1,0,0,10736000
"afhr70dt","ext","female","male",2,48,52,1,0,1,0,31732000
"afhr70dt","ext","female","no.birth.reg",2,49,56,1,27,1,1,5236000
"afhr70dt","ext","female","no.educ",2,48,80,1,45,2,1,10736000
"afhr70dt","ext","female","no.skilled.attendant",2,100,44,2,44,2,2,6942000
"afhr70dt","ext","female","non.p20",2,48,65,1,31,0,0,31732000
"afhr70dt","ext","female","p20",2,48,35,1,17,2,1,31732000
"afhr70dt","ext","female","primary",2,48,20,1,3,0,0,10736000
"afhr70dt","ext","female","rural",2,48,75,1,36,2,1,31732000
"afhr70dt","ext","female","secondary",2,48,10,1,2,0,0,10736000
"afhr70dt","ext","female","stunted",2,49,,1,0,0,0,5236000
"afhr70dt","ext","female","under5",2,48,16,1,8,0,0,31732000
"afhr70dt","ext","female","urban",2,48,25,1,12,0,0,31732000
"afhr70dt","ext","fifteento49","fiveto14",2,45,30,1,0,1,0,31732000
"afhr70dt","ext","fifteento49","gt49",2,45,9,1,0,0,0,31732000
"afhr70dt","ext","fifteento49","higher",2,73,4,1,3,0,0,10736000
"afhr70dt","ext","fifteento49","male",2,45,52,1,23,1,1,31732000
"afhr70dt","ext","fifteento49","no.birth.reg",2,0,56,0,0,1,0,5236000
"afhr70dt","ext","fifteento49","no.educ",2,73,80,1,57,2,1,10736000
"afhr70dt","ext","fifteento49","no.skilled.attendant",2,100,44,2,44,2,2,6942000
"afhr70dt","ext","fifteento49","non.p20",2,45,65,1,29,0,0,31732000
"afhr70dt","ext","fifteento49","p20",2,45,35,1,15,2,1,31732000
"afhr70dt","ext","fifteento49","primary",2,73,20,1,16,0,0,10736000
"afhr70dt","ext","fifteento49","rural",2,45,75,1,33,2,1,31732000
"afhr70dt","ext","fifteento49","secondary",2,73,10,1,8,0,0,10736000
"afhr70dt","ext","fifteento49","stunted",2,0,,0,0,0,0,5236000
"afhr70dt","ext","fifteento49","under5",2,45,16,1,0,0,0,31732000
"afhr70dt","ext","fifteento49","urban",2,45,25,1,12,0,0,31732000
"afhr70dt","ext","fiveto14","gt49",2,30,9,1,0,0,0,31732000
"afhr70dt","ext","fiveto14","higher",2,0,4,0,0,0,0,10736000
"afhr70dt","ext","fiveto14","male",2,30,52,1,16,1,0,31732000
"afhr70dt","ext","fiveto14","no.birth.reg",2,0,56,0,0,1,0,5236000
"afhr70dt","ext","fiveto14","no.educ",2,0,80,0,0,2,0,10736000
"afhr70dt","ext","fiveto14","no.skilled.attendant",2,0,44,0,0,2,0,6942000
"afhr70dt","ext","fiveto14","non.p20",2,30,65,1,19,0,0,31732000
"afhr70dt","ext","fiveto14","p20",2,30,35,1,11,2,1,31732000
"afhr70dt","ext","fiveto14","primary",2,0,20,0,0,0,0,10736000
"afhr70dt","ext","fiveto14","rural",2,30,75,1,23,2,1,31732000
"afhr70dt","ext","fiveto14","secondary",2,0,10,0,0,0,0,10736000
"afhr70dt","ext","fiveto14","stunted",2,0,,0,0,0,0,5236000
"afhr70dt","ext","fiveto14","under5",2,30,16,1,0,0,0,31732000
"afhr70dt","ext","fiveto14","urban",2,30,25,1,7,0,0,31732000
"afhr70dt","ext","gt49","higher",2,27,4,1,1,0,0,10736000
"afhr70dt","ext","gt49","male",2,9,52,0,5,1,0,31732000
"afhr70dt","ext","gt49","no.birth.reg",2,0,56,0,0,1,0,5236000
"afhr70dt","ext","gt49","no.educ",2,27,80,1,23,2,1,10736000
"afhr70dt","ext","gt49","no.skilled.attendant",2,0,44,0,0,2,0,6942000
"afhr70dt","ext","gt49","non.p20",2,9,65,0,5,0,0,31732000
"afhr70dt","ext","gt49","p20",2,9,35,0,3,2,0,31732000
"afhr70dt","ext","gt49","primary",2,27,20,1,3,0,0,10736000
"afhr70dt","ext","gt49","rural",2,9,75,0,6,2,0,31732000
"afhr70dt","ext","gt49","secondary",2,27,10,1,2,0,0,10736000
"afhr70dt","ext","gt49","stunted",2,0,,0,0,0,0,5236000
"afhr70dt","ext","gt49","under5",2,9,16,0,0,0,0,31732000
"afhr70dt","ext","gt49","urban",2,9,25,0,2,0,0,31732000
"afhr70dt","ext","higher","male",2,4,52,0,3,1,0,10736000
"afhr70dt","ext","higher","no.birth.reg",,,,,,,,10736000
"afhr70dt","ext","higher","no.educ",2,4,80,0,0,2,0,10736000
"afhr70dt","ext","higher","no.skilled.attendant",2,1,46,0,0,2,0,3857000
"afhr70dt","ext","higher","non.p20",2,4,65,0,4,0,0,10736000
"afhr70dt","ext","higher","p20",2,4,35,0,0,2,0,10736000
"afhr70dt","ext","higher","primary",2,4,20,0,4,0,0,10736000
"afhr70dt","ext","higher","rural",2,4,75,0,2,2,0,10736000
"afhr70dt","ext","higher","secondary",2,4,10,0,4,0,0,10736000
"afhr70dt","ext","higher","stunted",,,,,,,,10736000
"afhr70dt","ext","higher","under5",2,4,0,0,0,0,0,10736000
"afhr70dt","ext","higher","urban",2,4,25,0,2,0,0,10736000
"afhr70dt","ext","male","no.birth.reg",2,51,56,1,28,1,1,5236000
"afhr70dt","ext","male","no.educ",2,52,80,1,35,2,1,10736000
"afhr70dt","ext","male","no.skilled.attendant",2,0,44,0,0,2,0,6942000
"afhr70dt","ext","male","non.p20",2,52,65,1,33,0,0,31732000
"afhr70dt","ext","male","p20",2,52,35,1,18,2,1,31732000
"afhr70dt","ext","male","primary",2,52,20,1,17,0,0,10736000
"afhr70dt","ext","male","rural",2,52,75,1,39,2,1,31732000
"afhr70dt","ext","male","secondary",2,52,10,1,8,0,0,10736000
"afhr70dt","ext","male","stunted",2,51,,1,0,0,0,5236000
"afhr70dt","ext","male","under5",2,52,16,1,8,0,0,31732000
"afhr70dt","ext","male","urban",2,52,25,1,13,0,0,31732000
"afhr70dt","ext","no.birth.reg","no.educ",,,,,,,,10736000
"afhr70dt","ext","no.birth.reg","no.skilled.attendant",,,,,,,,5236000
"afhr70dt","ext","no.birth.reg","non.p20",2,56,65,1,32,0,0,5236000
"afhr70dt","ext","no.birth.reg","p20",2,56,35,1,24,2,1,5236000
"afhr70dt","ext","no.birth.reg","primary",,,,,,,,10736000
"afhr70dt","ext","no.birth.reg","rural",2,56,77,1,48,2,1,5236000
"afhr70dt","ext","no.birth.reg","secondary",,,,,,,,10736000
"afhr70dt","ext","no.birth.reg","stunted",2,56,,1,0,0,0,5236000
"afhr70dt","ext","no.birth.reg","under5",2,56,100,1,56,2,1,5236000
"afhr70dt","ext","no.birth.reg","urban",2,56,23,1,8,0,0,5236000
"afhr70dt","ext","no.educ","no.skilled.attendant",2,93,46,2,45,2,2,3857000
"afhr70dt","ext","no.educ","non.p20",2,80,65,2,49,0,0,10736000
"afhr70dt","ext","no.educ","p20",2,80,35,2,31,2,2,10736000
"afhr70dt","ext","no.educ","primary",2,80,20,2,0,0,0,10736000
"afhr70dt","ext","no.educ","rural",2,80,75,2,63,2,2,10736000
"afhr70dt","ext","no.educ","secondary",2,80,10,2,0,0,0,10736000
"afhr70dt","ext","no.educ","stunted",,,,,,,,10736000
"afhr70dt","ext","no.educ","under5",2,80,0,2,0,0,0,10736000
"afhr70dt","ext","no.educ","urban",2,80,25,2,17,0,0,10736000
"afhr70dt","ext","no.skilled.attendant","non.p20",2,44,64,2,21,0,0,6942000
"afhr70dt","ext","no.skilled.attendant","p20",2,44,36,2,23,2,2,6942000
"afhr70dt","ext","no.skilled.attendant","primary",2,46,7,2,1,0,0,3857000
"afhr70dt","ext","no.skilled.attendant","rural",2,44,78,2,40,2,1,6942000
"afhr70dt","ext","no.skilled.attendant","secondary",2,46,3,2,0,0,0,3857000
"afhr70dt","ext","no.skilled.attendant","stunted",,,,,,,,5236000
"afhr70dt","ext","no.skilled.attendant","under5",2,44,0,2,0,0,0,6942000
"afhr70dt","ext","no.skilled.attendant","urban",2,44,22,2,4,0,0,6942000
"afhr70dt","ext","non.p20","p20",2,65,35,0,0,2,0,31732000
"afhr70dt","ext","non.p20","primary",2,65,20,0,16,0,0,10736000
"afhr70dt","ext","non.p20","rural",2,65,75,0,41,2,0,31732000
"afhr70dt","ext","non.p20","secondary",2,65,10,0,9,0,0,10736000
"afhr70dt","ext","non.p20","stunted",2,65,,0,0,0,0,5236000
"afhr70dt","ext","non.p20","under5",2,65,16,0,10,0,0,31732000
"afhr70dt","ext","non.p20","urban",2,65,25,0,23,0,0,31732000
"afhr70dt","ext","p20","primary",2,35,20,2,4,0,0,10736000
"afhr70dt","ext","p20","rural",2,35,75,2,34,2,2,31732000
"afhr70dt","ext","p20","secondary",2,35,10,2,1,0,0,10736000
"afhr70dt","ext","p20","stunted",2,35,,2,0,0,0,5236000
"afhr70dt","ext","p20","under5",2,35,16,2,6,0,0,31732000
"afhr70dt","ext","p20","urban",2,35,25,2,1,0,0,31732000
"afhr70dt","ext","primary","rural",2,20,75,0,11,2,0,10736000
"afhr70dt","ext","primary","secondary",2,20,10,0,10,0,0,10736000
"afhr70dt","ext","primary","stunted",,,,,,,,10736000
"afhr70dt","ext","primary","under5",2,20,0,0,0,0,0,10736000
"afhr70dt","ext","primary","urban",2,20,25,0,9,0,0,10736000
"afhr70dt","ext","rural","secondary",2,75,10,2,5,0,0,10736000
"afhr70dt","ext","rural","stunted",2,77,,2,0,0,0,5236000
"afhr70dt","ext","rural","under5",2,75,16,2,12,0,0,31732000
"afhr70dt","ext","rural","urban",2,75,25,2,0,0,0,31732000
"afhr70dt","ext","secondary","stunted",,,,,,,,10736000
"afhr70dt","ext","secondary","under5",2,10,0,0,0,0,0,10736000
"afhr70dt","ext","secondary","urban",2,10,25,0,5,0,0,10736000
"afhr70dt","ext","stunted","under5",2,,100,0,,2,0,5236000
"afhr70dt","ext","stunted","urban",2,,23,0,0,0,0,5236000
"afhr70dt","ext","under5","urban",2,16,25,0,4,0,0,31732000
"afhr70dt","female","fifteento49","fiveto14",48,45,30,22,0,14,0,31732000
"afhr70dt","female","fifteento49","gt49",48,45,9,22,0,4,0,31732000
"afhr70dt","female","fifteento49","higher",48,73,4,36,3,1,1,10736000
"afhr70dt","female","fifteento49","male",48,45,52,22,23,0,0,31732000
"afhr70dt","female","fifteento49","no.birth.reg",49,0,56,0,0,27,0,5236000
"afhr70dt","female","fifteento49","no.educ",48,73,80,36,57,45,33,10736000
"afhr70dt","female","fifteento49","no.skilled.attendant",100,100,44,100,44,44,44,6942000
"afhr70dt","female","fifteento49","non.p20",48,45,65,22,29,31,15,31732000
"afhr70dt","female","fifteento49","p20",48,45,35,22,15,17,8,31732000
"afhr70dt","female","fifteento49","primary",48,73,20,36,16,3,3,10736000
"afhr70dt","female","fifteento49","rural",48,45,75,22,33,36,16,31732000
"afhr70dt","female","fifteento49","secondary",48,73,10,36,8,2,2,10736000
"afhr70dt","female","fifteento49","stunted",49,0,,0,0,0,0,5236000
"afhr70dt","female","fifteento49","under5",48,45,16,22,0,8,0,31732000
"afhr70dt","female","fifteento49","urban",48,45,25,22,12,12,6,31732000
"afhr70dt","female","fiveto14","gt49",48,30,9,14,0,4,0,31732000
"afhr70dt","female","fiveto14","higher",48,0,4,0,0,1,0,10736000
"afhr70dt","female","fiveto14","male",48,30,52,14,16,0,0,31732000
"afhr70dt","female","fiveto14","no.birth.reg",49,0,56,0,0,27,0,5236000
"afhr70dt","female","fiveto14","no.educ",48,0,80,0,0,45,0,10736000
"afhr70dt","female","fiveto14","no.skilled.attendant",100,0,44,0,0,44,0,6942000
"afhr70dt","female","fiveto14","non.p20",48,30,65,14,19,31,9,31732000
"afhr70dt","female","fiveto14","p20",48,30,35,14,11,17,5,31732000
"afhr70dt","female","fiveto14","primary",48,0,20,0,0,3,0,10736000
"afhr70dt","female","fiveto14","rural",48,30,75,14,23,36,11,31732000
"afhr70dt","female","fiveto14","secondary",48,0,10,0,0,2,0,10736000
"afhr70dt","female","fiveto14","stunted",49,0,,0,0,0,0,5236000
"afhr70dt","female","fiveto14","under5",48,30,16,14,0,8,0,31732000
"afhr70dt","female","fiveto14","urban",48,30,25,14,7,12,3,31732000
"afhr70dt","female","gt49","higher",48,27,4,12,1,1,0,10736000
"afhr70dt","female","gt49","male",48,9,52,4,5,0,0,31732000
"afhr70dt","female","gt49","no.birth.reg",49,0,56,0,0,27,0,5236000
"afhr70dt","female","gt49","no.educ",48,27,80,12,23,45,12,10736000
"afhr70dt","female","gt49","no.skilled.attendant",100,0,44,0,0,44,0,6942000
"afhr70dt","female","gt49","non.p20",48,9,65,4,5,31,3,31732000
"afhr70dt","female","gt49","p20",48,9,35,4,3,17,1,31732000
"afhr70dt","female","gt49","primary",48,27,20,12,3,3,0,10736000
"afhr70dt","female","gt49","rural",48,9,75,4,6,36,3,31732000
"afhr70dt","female","gt49","secondary",48,27,10,12,2,2,0,10736000
"afhr70dt","female","gt49","stunted",49,0,,0,0,0,0,5236000
"afhr70dt","female","gt49","under5",48,9,16,4,0,8,0,31732000
"afhr70dt","female","gt49","urban",48,9,25,4,2,12,1,31732000
"afhr70dt","female","higher","male",48,4,52,1,3,0,0,10736000
"afhr70dt","female","higher","no.birth.reg",,,,,,,,10736000
"afhr70dt","female","higher","no.educ",48,4,80,1,0,45,0,10736000
"afhr70dt","female","higher","no.skilled.attendant",100,1,46,1,0,46,0,3857000
"afhr70dt","female","higher","non.p20",48,4,65,1,4,31,1,10736000
"afhr70dt","female","higher","p20",48,4,35,1,0,17,0,10736000
"afhr70dt","female","higher","primary",48,4,20,1,4,3,1,10736000
"afhr70dt","female","higher","rural",48,4,75,1,2,36,0,10736000
"afhr70dt","female","higher","secondary",48,4,10,1,4,2,1,10736000
"afhr70dt","female","higher","stunted",,,,,,,,10736000
"afhr70dt","female","higher","under5",48,4,0,1,0,0,0,10736000
"afhr70dt","female","higher","urban",48,4,25,1,2,12,1,10736000
"afhr70dt","female","male","no.birth.reg",49,51,56,0,28,27,0,5236000
"afhr70dt","female","male","no.educ",48,52,80,0,35,45,0,10736000
"afhr70dt","female","male","no.skilled.attendant",100,0,44,0,0,44,0,6942000
"afhr70dt","female","male","non.p20",48,52,65,0,33,31,0,31732000
"afhr70dt","female","male","p20",48,52,35,0,18,17,0,31732000
"afhr70dt","female","male","primary",48,52,20,0,17,3,0,10736000
"afhr70dt","female","male","rural",48,52,75,0,39,36,0,31732000
"afhr70dt","female","male","secondary",48,52,10,0,8,2,0,10736000
"afhr70dt","female","male","stunted",49,51,,0,0,0,0,5236000
"afhr70dt","female","male","under5",48,52,16,0,8,8,0,31732000
"afhr70dt","female","male","urban",48,52,25,0,13,12,0,31732000
"afhr70dt","female","no.birth.reg","no.educ",,,,,,,,10736000
"afhr70dt","female","no.birth.reg","no.skilled.attendant",,,,,,,,5236000
"afhr70dt","female","no.birth.reg","non.p20",49,56,65,27,32,32,16,5236000
"afhr70dt","female","no.birth.reg","p20",49,56,35,27,24,17,11,5236000
"afhr70dt","female","no.birth.reg","primary",,,,,,,,10736000
"afhr70dt","female","no.birth.reg","rural",49,56,77,27,48,37,23,5236000
"afhr70dt","female","no.birth.reg","secondary",,,,,,,,10736000
"afhr70dt","female","no.birth.reg","stunted",49,56,,27,0,0,0,5236000
"afhr70dt","female","no.birth.reg","under5",49,56,100,27,56,49,27,5236000
"afhr70dt","female","no.birth.reg","urban",49,56,23,27,8,11,4,5236000
"afhr70dt","female","no.educ","no.skilled.attendant",100,93,46,93,45,46,45,3857000
"afhr70dt","female","no.educ","non.p20",48,80,65,45,49,31,28,10736000
"afhr70dt","female","no.educ","p20",48,80,35,45,31,17,17,10736000
"afhr70dt","female","no.educ","primary",48,80,20,45,0,3,0,10736000
"afhr70dt","female","no.educ","rural",48,80,75,45,63,36,35,10736000
"afhr70dt","female","no.educ","secondary",48,80,10,45,0,2,0,10736000
"afhr70dt","female","no.educ","stunted",,,,,,,,10736000
"afhr70dt","female","no.educ","under5",48,80,0,45,0,0,0,10736000
"afhr70dt","female","no.educ","urban",48,80,25,45,17,12,10,10736000
"afhr70dt","female","no.skilled.attendant","non.p20",100,44,64,44,21,64,21,6942000
"afhr70dt","female","no.skilled.attendant","p20",100,44,36,44,23,36,23,6942000
"afhr70dt","female","no.skilled.attendant","primary",100,46,7,46,1,7,1,3857000
"afhr70dt","female","no.skilled.attendant","rural",100,44,78,44,40,78,40,6942000
"afhr70dt","female","no.skilled.attendant","secondary",100,46,3,46,0,3,0,3857000
"afhr70dt","female","no.skilled.attendant","stunted",,,,,,,,5236000
"afhr70dt","female","no.skilled.attendant","under5",100,44,0,44,0,0,0,6942000
"afhr70dt","female","no.skilled.attendant","urban",100,44,22,44,4,22,4,6942000
"afhr70dt","female","non.p20","p20",48,65,35,31,0,17,0,31732000
"afhr70dt","female","non.p20","primary",48,65,20,31,16,3,3,10736000
"afhr70dt","female","non.p20","rural",48,65,75,31,41,36,20,31732000
"afhr70dt","female","non.p20","secondary",48,65,10,31,9,2,2,10736000
"afhr70dt","female","non.p20","stunted",49,65,,32,0,0,0,5236000
"afhr70dt","female","non.p20","under5",48,65,16,31,10,8,5,31732000
"afhr70dt","female","non.p20","urban",48,65,25,31,23,12,11,31732000
"afhr70dt","female","p20","primary",48,35,20,17,4,3,0,10736000
"afhr70dt","female","p20","rural",48,35,75,17,34,36,16,31732000
"afhr70dt","female","p20","secondary",48,35,10,17,1,2,0,10736000
"afhr70dt","female","p20","stunted",49,35,,17,0,0,0,5236000
"afhr70dt","female","p20","under5",48,35,16,17,6,8,3,31732000
"afhr70dt","female","p20","urban",48,35,25,17,1,12,1,31732000
"afhr70dt","female","primary","rural",48,20,75,3,11,36,1,10736000
"afhr70dt","female","primary","secondary",48,20,10,3,10,2,2,10736000
"afhr70dt","female","primary","stunted",,,,,,,,10736000
"afhr70dt","female","primary","under5",48,20,0,3,0,0,0,10736000
"afhr70dt","female","primary","urban",48,20,25,3,9,12,2,10736000
"afhr70dt","female","rural","secondary",48,75,10,36,5,2,1,10736000
"afhr70dt","female","rural","stunted",49,77,,37,0,0,0,5236000
"afhr70dt","female","rural","under5",48,75,16,36,12,8,6,31732000
"afhr70dt","female","rural","urban",48,75,25,36,0,12,0,31732000
"afhr70dt","female","secondary","stunted",,,,,,,,10736000
"afhr70dt","female","secondary","under5",48,10,0,2,0,0,0,10736000
"afhr70dt","female","secondary","urban",48,10,25,2,5,12,1,10736000
"afhr70dt","female","stunted","under5",49,,100,0,,49,0,5236000
"afhr70dt","female","stunted","urban",49,,23,0,0,11,0,5236000
"afhr70dt","female","under5","urban",48,16,25,8,4,12,2,31732000
"afhr70dt","fifteento49","fiveto14","gt49",45,30,9,0,0,0,0,31732000
"afhr70dt","fifteento49","fiveto14","higher",73,0,4,0,0,3,0,10736000
"afhr70dt","fifteento49","fiveto14","male",45,30,52,0,16,23,0,31732000
"afhr70dt","fifteento49","fiveto14","no.birth.reg",0,0,56,0,0,0,0,5236000
"afhr70dt","fifteento49","fiveto14","no.educ",73,0,80,0,0,57,0,10736000
"afhr70dt","fifteento49","fiveto14","no.skilled.attendant",100,0,44,0,0,44,0,6942000
"afhr70dt","fifteento49","fiveto14","non.p20",45,30,65,0,19,29,0,31732000
"afhr70dt","fifteento49","fiveto14","p20",45,30,35,0,11,15,0,31732000
"afhr70dt","fifteento49","fiveto14","primary",73,0,20,0,0,16,0,10736000
"afhr70dt","fifteento49","fiveto14","rural",45,30,75,0,23,33,0,31732000
"afhr70dt","fifteento49","fiveto14","secondary",73,0,10,0,0,8,0,10736000
"afhr70dt","fifteento49","fiveto14","stunted",0,0,,0,0,0,0,5236000
"afhr70dt","fifteento49","fiveto14","under5",45,30,16,0,0,0,0,31732000
"afhr70dt","fifteento49","fiveto14","urban",45,30,25,0,7,12,0,31732000
"afhr70dt","fifteento49","gt49","higher",73,27,4,0,1,3,0,10736000
"afhr70dt","fifteento49","gt49","male",45,9,52,0,5,23,0,31732000
"afhr70dt","fifteento49","gt49","no.birth.reg",0,0,56,0,0,0,0,5236000
"afhr70dt","fifteento49","gt49","no.educ",73,27,80,0,23,57,0,10736000
"afhr70dt","fifteento49","gt49","no.skilled.attendant",100,0,44,0,0,44,0,6942000
"afhr70dt","fifteento49","gt49","non.p20",45,9,65,0,5,29,0,31732000
"afhr70dt","fifteento49","gt49","p20",45,9,35,0,3,15,0,31732000
"afhr70dt","fifteento49","gt49","primary",73,27,20,0,3,16,0,10736000
"afhr70dt","fifteento49","gt49","rural",45,9,75,0,6,33,0,31732000
"afhr70dt","fifteento49","gt49","secondary",73,27,10,0,2,8,0,10736000
"afhr70dt","fifteento49","gt49","stunted",0,0,,0,0,0,0,5236000
"afhr70dt","fifteento49","gt49","under5",45,9,16,0,0,0,0,31732000
"afhr70dt","fifteento49","gt49","urban",45,9,25,0,2,12,0,31732000
"afhr70dt","fifteento49","higher","male",73,4,52,3,3,37,3,10736000
"afhr70dt","fifteento49","higher","no.birth.reg",,,,,,,,10736000
"afhr70dt","fifteento49","higher","no.educ",73,4,80,3,0,57,0,10736000
"afhr70dt","fifteento49","higher","no.skilled.attendant",100,1,46,1,0,46,0,3857000
"afhr70dt","fifteento49","higher","non.p20",73,4,65,3,4,48,3,10736000
"afhr70dt","fifteento49","higher","p20",73,4,35,3,0,25,0,10736000
"afhr70dt","fifteento49","higher","primary",73,4,20,3,4,16,3,10736000
"afhr70dt","fifteento49","higher","rural",73,4,75,3,2,55,2,10736000
"afhr70dt","fifteento49","higher","secondary",73,4,10,3,4,8,3,10736000
"afhr70dt","fifteento49","higher","stunted",,,,,,,,10736000
"afhr70dt","fifteento49","higher","under5",73,4,0,3,0,0,0,10736000
"afhr70dt","fifteento49","higher","urban",73,4,25,3,2,18,2,10736000
"afhr70dt","fifteento49","male","no.birth.reg",0,51,56,0,28,0,0,5236000
"afhr70dt","fifteento49","male","no.educ",73,52,80,37,35,57,24,10736000
"afhr70dt","fifteento49","male","no.skilled.attendant",100,0,44,0,0,44,0,6942000
"afhr70dt","fifteento49","male","non.p20",45,52,65,23,33,29,15,31732000
"afhr70dt","fifteento49","male","p20",45,52,35,23,18,15,8,31732000
"afhr70dt","fifteento49","male","primary",73,52,20,37,17,16,13,10736000
"afhr70dt","fifteento49","male","rural",45,52,75,23,39,33,17,31732000
"afhr70dt","fifteento49","male","secondary",73,52,10,37,8,8,7,10736000
"afhr70dt","fifteento49","male","stunted",0,51,,0,0,0,0,5236000
"afhr70dt","fifteento49","male","under5",45,52,16,23,8,0,0,31732000
"afhr70dt","fifteento49","male","urban",45,52,25,23,13,12,6,31732000
"afhr70dt","fifteento49","no.birth.reg","no.educ",,,,,,,,10736000
"afhr70dt","fifteento49","no.birth.reg","no.skilled.attendant",,,,,,,,5236000
"afhr70dt","fifteento49","no.birth.reg","non.p20",0,56,65,0,32,0,0,5236000
"afhr70dt","fifteento49","no.birth.reg","p20",0,56,35,0,24,0,0,5236000
"afhr70dt","fifteento49","no.birth.reg","primary",,,,,,,,10736000
"afhr70dt","fifteento49","no.birth.reg","rural",0,56,77,0,48,0,0,5236000
"afhr70dt","fifteento49","no.birth.reg","secondary",,,,,,,,10736000
"afhr70dt","fifteento49","no.birth.reg","stunted",0,56,,0,0,0,0,5236000
"afhr70dt","fifteento49","no.birth.reg","under5",0,56,100,0,56,0,0,5236000
"afhr70dt","fifteento49","no.birth.reg","urban",0,56,23,0,8,0,0,5236000
"afhr70dt","fifteento49","no.educ","no.skilled.attendant",100,93,46,93,45,46,45,3857000
"afhr70dt","fifteento49","no.educ","non.p20",73,80,65,57,49,48,35,10736000
"afhr70dt","fifteento49","no.educ","p20",73,80,35,57,31,25,22,10736000
"afhr70dt","fifteento49","no.educ","primary",73,80,20,57,0,16,0,10736000
"afhr70dt","fifteento49","no.educ","rural",73,80,75,57,63,55,46,10736000
"afhr70dt","fifteento49","no.educ","secondary",73,80,10,57,0,8,0,10736000
"afhr70dt","fifteento49","no.educ","stunted",,,,,,,,10736000
"afhr70dt","fifteento49","no.educ","under5",73,80,0,57,0,0,0,10736000
"afhr70dt","fifteento49","no.educ","urban",73,80,25,57,17,18,11,10736000
"afhr70dt","fifteento49","no.skilled.attendant","non.p20",100,44,64,44,21,64,21,6942000
"afhr70dt","fifteento49","no.skilled.attendant","p20",100,44,36,44,23,36,23,6942000
"afhr70dt","fifteento49","no.skilled.attendant","primary",100,46,7,46,1,7,1,3857000
"afhr70dt","fifteento49","no.skilled.attendant","rural",100,44,78,44,40,78,40,6942000
"afhr70dt","fifteento49","no.skilled.attendant","secondary",100,46,3,46,0,3,0,3857000
"afhr70dt","fifteento49","no.skilled.attendant","stunted",,,,,,,,5236000
"afhr70dt","fifteento49","no.skilled.attendant","under5",100,44,0,44,0,0,0,6942000
"afhr70dt","fifteento49","no.skilled.attendant","urban",100,44,22,44,4,22,4,6942000
"afhr70dt","fifteento49","non.p20","p20",45,65,35,29,0,15,0,31732000
"afhr70dt","fifteento49","non.p20","primary",73,65,20,48,16,16,13,10736000
"afhr70dt","fifteento49","non.p20","rural",45,65,75,29,41,33,18,31732000
"afhr70dt","fifteento49","non.p20","secondary",73,65,10,48,9,8,7,10736000
"afhr70dt","fifteento49","non.p20","stunted",0,65,,0,0,0,0,5236000
"afhr70dt","fifteento49","non.p20","under5",45,65,16,29,10,0,0,31732000
"afhr70dt","fifteento49","non.p20","urban",45,65,25,29,23,12,11,31732000
"afhr70dt","fifteento49","p20","primary",73,35,20,25,4,16,3,10736000
"afhr70dt","fifteento49","p20","rural",45,35,75,15,34,33,15,31732000
"afhr70dt","fifteento49","p20","secondary",73,35,10,25,1,8,1,10736000
"afhr70dt","fifteento49","p20","stunted",0,35,,0,0,0,0,5236000
"afhr70dt","fifteento49","p20","under5",45,35,16,15,6,0,0,31732000
"afhr70dt","fifteento49","p20","urban",45,35,25,15,1,12,1,31732000
"afhr70dt","fifteento49","primary","rural",73,20,75,16,11,55,10,10736000
"afhr70dt","fifteento49","primary","secondary",73,20,10,16,10,8,8,10736000
"afhr70dt","fifteento49","primary","stunted",,,,,,,,10736000
"afhr70dt","fifteento49","primary","under5",73,20,0,16,0,0,0,10736000
"afhr70dt","fifteento49","primary","urban",73,20,25,16,9,18,7,10736000
"afhr70dt","fifteento49","rural","secondary",73,75,10,55,5,8,4,10736000
"afhr70dt","fifteento49","rural","stunted",0,77,,0,0,0,0,5236000
"afhr70dt","fifteento49","rural","under5",45,75,16,33,12,0,0,31732000
"afhr70dt","fifteento49","rural","urban",45,75,25,33,0,12,0,31732000
"afhr70dt","fifteento49","secondary","stunted",,,,,,,,10736000
"afhr70dt","fifteento49","secondary","under5",73,10,0,8,0,0,0,10736000
"afhr70dt","fifteento49","secondary","urban",73,10,25,8,5,18,4,10736000
"afhr70dt","fifteento49","stunted","under5",0,,100,0,,0,0,5236000
"afhr70dt","fifteento49","stunted","urban",0,,23,0,0,0,0,5236000
"afhr70dt","fifteento49","under5","urban",45,16,25,0,4,12,0,31732000
"afhr70dt","fiveto14","gt49","higher",0,27,4,0,1,0,0,10736000
"afhr70dt","fiveto14","gt49","male",30,9,52,0,5,16,0,31732000
"afhr70dt","fiveto14","gt49","no.birth.reg",0,0,56,0,0,0,0,5236000
"afhr70dt","fiveto14","gt49","no.educ",0,27,80,0,23,0,0,10736000
"afhr70dt","fiveto14","gt49","no.skilled.attendant",0,0,44,0,0,0,0,6942000
"afhr70dt","fiveto14","gt49","non.p20",30,9,65,0,5,19,0,31732000
"afhr70dt","fiveto14","gt49","p20",30,9,35,0,3,11,0,31732000
"afhr70dt","fiveto14","gt49","primary",0,27,20,0,3,0,0,10736000
"afhr70dt","fiveto14","gt49","rural",30,9,75,0,6,23,0,31732000
"afhr70dt","fiveto14","gt49","secondary",0,27,10,0,2,0,0,10736000
"afhr70dt","fiveto14","gt49","stunted",0,0,,0,0,0,0,5236000
"afhr70dt","fiveto14","gt49","under5",30,9,16,0,0,0,0,31732000
"afhr70dt","fiveto14","gt49","urban",30,9,25,0,2,7,0,31732000
"afhr70dt","fiveto14","higher","male",0,4,52,0,3,0,0,10736000
"afhr70dt","fiveto14","higher","no.birth.reg",,,,,,,,10736000
"afhr70dt","fiveto14","higher","no.educ",0,4,80,0,0,0,0,10736000
"afhr70dt","fiveto14","higher","no.skilled.attendant",0,1,46,0,0,0,0,3857000
"afhr70dt","fiveto14","higher","non.p20",0,4,65,0,4,0,0,10736000
"afhr70dt","fiveto14","higher","p20",0,4,35,0,0,0,0,10736000
"afhr70dt","fiveto14","higher","primary",0,4,20,0,4,0,0,10736000
"afhr70dt","fiveto14","higher","rural",0,4,75,0,2,0,0,10736000
"afhr70dt","fiveto14","higher","secondary",0,4,10,0,4,0,0,10736000
"afhr70dt","fiveto14","higher","stunted",,,,,,,,10736000
"afhr70dt","fiveto14","higher","under5",0,4,0,0,0,0,0,10736000
"afhr70dt","fiveto14","higher","urban",0,4,25,0,2,0,0,10736000
"afhr70dt","fiveto14","male","no.birth.reg",0,51,56,0,28,0,0,5236000
"afhr70dt","fiveto14","male","no.educ",0,52,80,0,35,0,0,10736000
"afhr70dt","fiveto14","male","no.skilled.attendant",0,0,44,0,0,0,0,6942000
"afhr70dt","fiveto14","male","non.p20",30,52,65,16,33,19,10,31732000
"afhr70dt","fiveto14","male","p20",30,52,35,16,18,11,6,31732000
"afhr70dt","fiveto14","male","primary",0,52,20,0,17,0,0,10736000
"afhr70dt","fiveto14","male","rural",30,52,75,16,39,23,12,31732000
"afhr70dt","fiveto14","male","secondary",0,52,10,0,8,0,0,10736000
"afhr70dt","fiveto14","male","stunted",0,51,,0,0,0,0,5236000
"afhr70dt","fiveto14","male","under5",30,52,16,16,8,0,0,31732000
"afhr70dt","fiveto14","male","urban",30,52,25,16,13,7,4,31732000
"afhr70dt","fiveto14","no.birth.reg","no.educ",,,,,,,,10736000
"afhr70dt","fiveto14","no.birth.reg","no.skilled.attendant",,,,,,,,5236000
"afhr70dt","fiveto14","no.birth.reg","non.p20",0,56,65,0,32,0,0,5236000
"afhr70dt","fiveto14","no.birth.reg","p20",0,56,35,0,24,0,0,5236000
"afhr70dt","fiveto14","no.birth.reg","primary",,,,,,,,10736000
"afhr70dt","fiveto14","no.birth.reg","rural",0,56,77,0,48,0,0,5236000
"afhr70dt","fiveto14","no.birth.reg","secondary",,,,,,,,10736000
"afhr70dt","fiveto14","no.birth.reg","stunted",0,56,,0,0,0,0,5236000
"afhr70dt","fiveto14","no.birth.reg","under5",0,56,100,0,56,0,0,5236000
"afhr70dt","fiveto14","no.birth.reg","urban",0,56,23,0,8,0,0,5236000
"afhr70dt","fiveto14","no.educ","no.skilled.attendant",0,93,46,0,45,0,0,3857000
"afhr70dt","fiveto14","no.educ","non.p20",0,80,65,0,49,0,0,10736000
"afhr70dt","fiveto14","no.educ","p20",0,80,35,0,31,0,0,10736000
"afhr70dt","fiveto14","no.educ","primary",0,80,20,0,0,0,0,10736000
"afhr70dt","fiveto14","no.educ","rural",0,80,75,0,63,0,0,10736000
"afhr70dt","fiveto14","no.educ","secondary",0,80,10,0,0,0,0,10736000
"afhr70dt","fiveto14","no.educ","stunted",,,,,,,,10736000
"afhr70dt","fiveto14","no.educ","under5",0,80,0,0,0,0,0,10736000
"afhr70dt","fiveto14","no.educ","urban",0,80,25,0,17,0,0,10736000
"afhr70dt","fiveto14","no.skilled.attendant","non.p20",0,44,64,0,21,0,0,6942000
"afhr70dt","fiveto14","no.skilled.attendant","p20",0,44,36,0,23,0,0,6942000
"afhr70dt","fiveto14","no.skilled.attendant","primary",0,46,7,0,1,0,0,3857000
"afhr70dt","fiveto14","no.skilled.attendant","rural",0,44,78,0,40,0,0,6942000
"afhr70dt","fiveto14","no.skilled.attendant","secondary",0,46,3,0,0,0,0,3857000
"afhr70dt","fiveto14","no.skilled.attendant","stunted",,,,,,,,5236000
"afhr70dt","fiveto14","no.skilled.attendant","under5",0,44,0,0,0,0,0,6942000
"afhr70dt","fiveto14","no.skilled.attendant","urban",0,44,22,0,4,0,0,6942000
"afhr70dt","fiveto14","non.p20","p20",30,65,35,19,0,11,0,31732000
"afhr70dt","fiveto14","non.p20","primary",0,65,20,0,16,0,0,10736000
"afhr70dt","fiveto14","non.p20","rural",30,65,75,19,41,23,13,31732000
"afhr70dt","fiveto14","non.p20","secondary",0,65,10,0,9,0,0,10736000
"afhr70dt","fiveto14","non.p20","stunted",0,65,,0,0,0,0,5236000
"afhr70dt","fiveto14","non.p20","under5",30,65,16,19,10,0,0,31732000
"afhr70dt","fiveto14","non.p20","urban",30,65,25,19,23,7,7,31732000
"afhr70dt","fiveto14","p20","primary",0,35,20,0,4,0,0,10736000
"afhr70dt","fiveto14","p20","rural",30,35,75,11,34,23,11,31732000
"afhr70dt","fiveto14","p20","secondary",0,35,10,0,1,0,0,10736000
"afhr70dt","fiveto14","p20","stunted",0,35,,0,0,0,0,5236000
"afhr70dt","fiveto14","p20","under5",30,35,16,11,6,0,0,31732000
"afhr70dt","fiveto14","p20","urban",30,35,25,11,1,7,0,31732000
"afhr70dt","fiveto14","primary","rural",0,20,75,0,11,0,0,10736000
"afhr70dt","fiveto14","primary","secondary",0,20,10,0,10,0,0,10736000
"afhr70dt","fiveto14","primary","stunted",,,,,,,,10736000
"afhr70dt","fiveto14","primary","under5",0,20,0,0,0,0,0,10736000
"afhr70dt","fiveto14","primary","urban",0,20,25,0,9,0,0,10736000
"afhr70dt","fiveto14","rural","secondary",0,75,10,0,5,0,0,10736000
"afhr70dt","fiveto14","rural","stunted",0,77,,0,0,0,0,5236000
"afhr70dt","fiveto14","rural","under5",30,75,16,23,12,0,0,31732000
"afhr70dt","fiveto14","rural","urban",30,75,25,23,0,7,0,31732000
"afhr70dt","fiveto14","secondary","stunted",,,,,,,,10736000
"afhr70dt","fiveto14","secondary","under5",0,10,0,0,0,0,0,10736000
"afhr70dt","fiveto14","secondary","urban",0,10,25,0,5,0,0,10736000
"afhr70dt","fiveto14","stunted","under5",0,,100,0,,0,0,5236000
"afhr70dt","fiveto14","stunted","urban",0,,23,0,0,0,0,5236000
"afhr70dt","fiveto14","under5","urban",30,16,25,0,4,7,0,31732000
"afhr70dt","gt49","higher","male",27,4,52,1,3,15,1,10736000
"afhr70dt","gt49","higher","no.birth.reg",,,,,,,,10736000
"afhr70dt","gt49","higher","no.educ",27,4,80,1,0,23,0,10736000
"afhr70dt","gt49","higher","no.skilled.attendant",0,1,46,0,0,0,0,3857000
"afhr70dt","gt49","higher","non.p20",27,4,65,1,4,17,1,10736000
"afhr70dt","gt49","higher","p20",27,4,35,1,0,10,0,10736000
"afhr70dt","gt49","higher","primary",27,4,20,1,4,3,1,10736000
"afhr70dt","gt49","higher","rural",27,4,75,1,2,19,0,10736000
"afhr70dt","gt49","higher","secondary",27,4,10,1,4,2,1,10736000
"afhr70dt","gt49","higher","stunted",,,,,,,,10736000
"afhr70dt","gt49","higher","under5",27,4,0,1,0,0,0,10736000
"afhr70dt","gt49","higher","urban",27,4,25,1,2,7,1,10736000
"afhr70dt","gt49","male","no.birth.reg",0,51,56,0,28,0,0,5236000
"afhr70dt","gt49","male","no.educ",27,52,80,15,35,23,11,10736000
"afhr70dt","gt49","male","no.skilled.attendant",0,0,44,0,0,0,0,6942000
"afhr70dt","gt49","male","non.p20",9,52,65,5,33,5,3,31732000
"afhr70dt","gt49","male","p20",9,52,35,5,18,3,2,31732000
"afhr70dt","gt49","male","primary",27,52,20,15,17,3,3,10736000
"afhr70dt","gt49","male","rural",9,52,75,5,39,6,3,31732000
"afhr70dt","gt49","male","secondary",27,52,10,15,8,2,2,10736000
"afhr70dt","gt49","male","stunted",0,51,,0,0,0,0,5236000
"afhr70dt","gt49","male","under5",9,52,16,5,8,0,0,31732000
"afhr70dt","gt49","male","urban",9,52,25,5,13,2,1,31732000
"afhr70dt","gt49","no.birth.reg","no.educ",,,,,,,,10736000
"afhr70dt","gt49","no.birth.reg","no.skilled.attendant",,,,,,,,5236000
"afhr70dt","gt49","no.birth.reg","non.p20",0,56,65,0,32,0,0,5236000
"afhr70dt","gt49","no.birth.reg","p20",0,56,35,0,24,0,0,5236000
"afhr70dt","gt49","no.birth.reg","primary",,,,,,,,10736000
"afhr70dt","gt49","no.birth.reg","rural",0,56,77,0,48,0,0,5236000
"afhr70dt","gt49","no.birth.reg","secondary",,,,,,,,10736000
"afhr70dt","gt49","no.birth.reg","stunted",0,56,,0,0,0,0,5236000
"afhr70dt","gt49","no.birth.reg","under5",0,56,100,0,56,0,0,5236000
"afhr70dt","gt49","no.birth.reg","urban",0,56,23,0,8,0,0,5236000
"afhr70dt","gt49","no.educ","no.skilled.attendant",0,93,46,0,45,0,0,3857000
"afhr70dt","gt49","no.educ","non.p20",27,80,65,23,49,17,14,10736000
"afhr70dt","gt49","no.educ","p20",27,80,35,23,31,10,9,10736000
"afhr70dt","gt49","no.educ","primary",27,80,20,23,0,3,0,10736000
"afhr70dt","gt49","no.educ","rural",27,80,75,23,63,19,18,10736000
"afhr70dt","gt49","no.educ","secondary",27,80,10,23,0,2,0,10736000
"afhr70dt","gt49","no.educ","stunted",,,,,,,,10736000
"afhr70dt","gt49","no.educ","under5",27,80,0,23,0,0,0,10736000
"afhr70dt","gt49","no.educ","urban",27,80,25,23,17,7,6,10736000
"afhr70dt","gt49","no.skilled.attendant","non.p20",0,44,64,0,21,0,0,6942000
"afhr70dt","gt49","no.skilled.attendant","p20",0,44,36,0,23,0,0,6942000
"afhr70dt","gt49","no.skilled.attendant","primary",0,46,7,0,1,0,0,3857000
"afhr70dt","gt49","no.skilled.attendant","rural",0,44,78,0,40,0,0,6942000
"afhr70dt","gt49","no.skilled.attendant","secondary",0,46,3,0,0,0,0,3857000
"afhr70dt","gt49","no.skilled.attendant","stunted",,,,,,,,5236000
"afhr70dt","gt49","no.skilled.attendant","under5",0,44,0,0,0,0,0,6942000
"afhr70dt","gt49","no.skilled.attendant","urban",0,44,22,0,4,0,0,6942000
"afhr70dt","gt49","non.p20","p20",9,65,35,5,0,3,0,31732000
"afhr70dt","gt49","non.p20","primary",27,65,20,17,16,3,3,10736000
"afhr70dt","gt49","non.p20","rural",9,65,75,5,41,6,3,31732000
"afhr70dt","gt49","non.p20","secondary",27,65,10,17,9,2,2,10736000
"afhr70dt","gt49","non.p20","stunted",0,65,,0,0,0,0,5236000
"afhr70dt","gt49","non.p20","under5",9,65,16,5,10,0,0,31732000
"afhr70dt","gt49","non.p20","urban",9,65,25,5,23,2,2,31732000
"afhr70dt","gt49","p20","primary",27,35,20,10,4,3,1,10736000
"afhr70dt","gt49","p20","rural",9,35,75,3,34,6,3,31732000
"afhr70dt","gt49","p20","secondary",27,35,10,10,1,2,0,10736000
"afhr70dt","gt49","p20","stunted",0,35,,0,0,0,0,5236000
"afhr70dt","gt49","p20","under5",9,35,16,3,6,0,0,31732000
"afhr70dt","gt49","p20","urban",9,35,25,3,1,2,0,31732000
"afhr70dt","gt49","primary","rural",27,20,75,3,11,19,2,10736000
"afhr70dt","gt49","primary","secondary",27,20,10,3,10,2,2,10736000
"afhr70dt","gt49","primary","stunted",,,,,,,,10736000
"afhr70dt","gt49","primary","under5",27,20,0,3,0,0,0,10736000
"afhr70dt","gt49","primary","urban",27,20,25,3,9,7,2,10736000
"afhr70dt","gt49","rural","secondary",27,75,10,19,5,2,1,10736000
"afhr70dt","gt49","rural","stunted",0,77,,0,0,0,0,5236000
"afhr70dt","gt49","rural","under5",9,75,16,6,12,0,0,31732000
"afhr70dt","gt49","rural","urban",9,75,25,6,0,2,0,31732000
"afhr70dt","gt49","secondary","stunted",,,,,,,,10736000
"afhr70dt","gt49","secondary","under5",27,10,0,2,0,0,0,10736000
"afhr70dt","gt49","secondary","urban",27,10,25,2,5,7,1,10736000
"afhr70dt","gt49","stunted","under5",0,,100,0,,0,0,5236000
"afhr70dt","gt49","stunted","urban",0,,23,0,0,0,0,5236000
"afhr70dt","gt49","under5","urban",9,16,25,0,4,2,0,31732000
"afhr70dt","higher","male","no.birth.reg",,,,,,,,10736000
"afhr70dt","higher","male","no.educ",4,52,80,3,35,0,0,10736000
"afhr70dt","higher","male","no.skilled.attendant",1,0,46,0,0,0,0,3857000
"afhr70dt","higher","male","non.p20",4,52,65,3,34,4,3,10736000
"afhr70dt","higher","male","p20",4,52,35,3,18,0,0,10736000
"afhr70dt","higher","male","primary",4,52,20,3,17,4,3,10736000
"afhr70dt","higher","male","rural",4,52,75,3,39,2,2,10736000
"afhr70dt","higher","male","secondary",4,52,10,3,8,4,3,10736000
"afhr70dt","higher","male","stunted",,,,,,,,10736000
"afhr70dt","higher","male","under5",4,52,0,3,0,0,0,10736000
"afhr70dt","higher","male","urban",4,52,25,3,13,2,2,10736000
"afhr70dt","higher","no.birth.reg","no.educ",,,,,,,,10736000
"afhr70dt","higher","no.birth.reg","no.skilled.attendant",,,,,,,,3857000
"afhr70dt","higher","no.birth.reg","non.p20",,,,,,,,10736000
"afhr70dt","higher","no.birth.reg","p20",,,,,,,,10736000
"afhr70dt","higher","no.birth.reg","primary",,,,,,,,10736000
"afhr70dt","higher","no.birth.reg","rural",,,,,,,,10736000
"afhr70dt","higher","no.birth.reg","secondary",,,,,,,,10736000
"afhr70dt","higher","no.birth.reg","stunted",,,,,,,,10736000
"afhr70dt","higher","no.birth.reg","under5",,,,,,,,10736000
"afhr70dt","higher","no.birth.reg","urban",,,,,,,,10736000
"afhr70dt","higher","no.educ","no.skilled.attendant",1,93,46,0,45,0,0,3857000
"afhr70dt","higher","no.educ","non.p20",4,80,65,0,49,4,0,10736000
"afhr70dt","higher","no.educ","p20",4,80,35,0,31,0,0,10736000
"afhr70dt","higher","no.educ","primary",4,80,20,0,0,4,0,10736000
"afhr70dt","higher","no.educ","rural",4,80,75,0,63,2,0,10736000
"afhr70dt","higher","no.educ","secondary",4,80,10,0,0,4,0,10736000
"afhr70dt","higher","no.educ","stunted",,,,,,,,10736000
"afhr70dt","higher","no.educ","under5",4,80,0,0,0,0,0,10736000
"afhr70dt","higher","no.educ","urban",4,80,25,0,17,2,0,10736000
"afhr70dt","higher","no.skilled.attendant","non.p20",1,46,64,0,22,1,0,3857000
"afhr70dt","higher","no.skilled.attendant","p20",1,46,36,0,24,0,0,3857000
"afhr70dt","higher","no.skilled.attendant","primary",1,46,7,0,1,1,0,3857000
"afhr70dt","higher","no.skilled.attendant","rural",1,46,78,0,42,0,0,3857000
"afhr70dt","higher","no.skilled.attendant","secondary",1,46,3,0,0,1,0,3857000
"afhr70dt","higher","no.skilled.attendant","stunted",,,,,,,,3857000
"afhr70dt","higher","no.skilled.attendant","under5",1,46,0,0,0,0,0,3857000
"afhr70dt","higher","no.skilled.attendant","urban",1,46,22,0,4,1,0,3857000
"afhr70dt","higher","non.p20","p20",4,65,35,4,0,0,0,10736000
"afhr70dt","higher","non.p20","primary",4,65,20,4,16,4,4,10736000
"afhr70dt","higher","non.p20","rural",4,65,75,4,41,2,1,10736000
"afhr70dt","higher","non.p20","secondary",4,65,10,4,9,4,4,10736000
"afhr70dt","higher","non.p20","stunted",,,,,,,,10736000
"afhr70dt","higher","non.p20","under5",4,65,0,4,0,0,0,10736000
"afhr70dt","higher","non.p20","urban",4,65,25,4,24,2,2,10736000
"afhr70dt","higher","p20","primary",4,35,20,0,4,4,0,10736000
"afhr70dt","higher","p20","rural",4,35,75,0,34,2,0,10736000
"afhr70dt","higher","p20","secondary",4,35,10,0,1,4,0,10736000
"afhr70dt","higher","p20","stunted",,,,,,,,10736000
"afhr70dt","higher","p20","under5",4,35,0,0,0,0,0,10736000
"afhr70dt","higher","p20","urban",4,35,25,0,1,2,0,10736000
"afhr70dt","higher","primary","rural",4,20,75,4,11,2,2,10736000
"afhr70dt","higher","primary","secondary",4,20,10,4,10,4,4,10736000
"afhr70dt","higher","primary","stunted",,,,,,,,10736000
"afhr70dt","higher","primary","under5",4,20,0,4,0,0,0,10736000
"afhr70dt","higher","primary","urban",4,20,25,4,9,2,2,10736000
"afhr70dt","higher","rural","secondary",4,75,10,2,5,4,2,10736000
"afhr70dt","higher","rural","stunted",,,,,,,,10736000
"afhr70dt","higher","rural","under5",4,75,0,2,0,0,0,10736000
"afhr70dt","higher","rural","urban",4,75,25,2,0,2,0,10736000
"afhr70dt","higher","secondary","stunted",,,,,,,,10736000
"afhr70dt","higher","secondary","under5",4,10,0,4,0,0,0,10736000
"afhr70dt","higher","secondary","urban",4,10,25,4,5,2,2,10736000
"afhr70dt","higher","stunted","under5",,,,,,,,10736000
"afhr70dt","higher","stunted","urban",,,,,,,,10736000
"afhr70dt","higher","under5","urban",4,0,25,0,0,2,0,10736000
"afhr70dt","male","no.birth.reg","no.educ",,,,,,,,10736000
"afhr70dt","male","no.birth.reg","no.skilled.attendant",,,,,,,,5236000
"afhr70dt","male","no.birth.reg","non.p20",51,56,65,28,32,33,16,5236000
"afhr70dt","male","no.birth.reg","p20",51,56,35,28,24,18,12,5236000
"afhr70dt","male","no.birth.reg","primary",,,,,,,,10736000
"afhr70dt","male","no.birth.reg","rural",51,56,77,28,48,40,24,5236000
"afhr70dt","male","no.birth.reg","secondary",,,,,,,,10736000
"afhr70dt","male","no.birth.reg","stunted",51,56,,28,0,0,0,5236000
"afhr70dt","male","no.birth.reg","under5",51,56,100,28,56,51,28,5236000
"afhr70dt","male","no.birth.reg","urban",51,56,23,28,8,12,4,5236000
"afhr70dt","male","no.educ","no.skilled.attendant",0,93,46,0,45,0,0,3857000
"afhr70dt","male","no.educ","non.p20",52,80,65,35,49,34,21,10736000
"afhr70dt","male","no.educ","p20",52,80,35,35,31,18,15,10736000
"afhr70dt","male","no.educ","primary",52,80,20,35,0,17,0,10736000
"afhr70dt","male","no.educ","rural",52,80,75,35,63,39,28,10736000
"afhr70dt","male","no.educ","secondary",52,80,10,35,0,8,0,10736000
"afhr70dt","male","no.educ","stunted",,,,,,,,10736000
"afhr70dt","male","no.educ","under5",52,80,0,35,0,0,0,10736000
"afhr70dt","male","no.educ","urban",52,80,25,35,17,13,7,10736000
"afhr70dt","male","no.skilled.attendant","non.p20",0,44,64,0,21,0,0,6942000
"afhr70dt","male","no.skilled.attendant","p20",0,44,36,0,23,0,0,6942000
"afhr70dt","male","no.skilled.attendant","primary",0,46,7,0,1,0,0,3857000
"afhr70dt","male","no.skilled.attendant","rural",0,44,78,0,40,0,0,6942000
"afhr70dt","male","no.skilled.attendant","secondary",0,46,3,0,0,0,0,3857000
"afhr70dt","male","no.skilled.attendant","stunted",,,,,,,,5236000
"afhr70dt","male","no.skilled.attendant","under5",0,44,0,0,0,0,0,6942000
"afhr70dt","male","no.skilled.attendant","urban",0,44,22,0,4,0,0,6942000
"afhr70dt","male","non.p20","p20",52,65,35,33,0,18,0,31732000
"afhr70dt","male","non.p20","primary",52,65,20,34,16,17,13,10736000
"afhr70dt","male","non.p20","rural",52,65,75,33,41,39,22,31732000
"afhr70dt","male","non.p20","secondary",52,65,10,34,9,8,7,10736000
"afhr70dt","male","non.p20","stunted",51,65,,33,0,0,0,5236000
"afhr70dt","male","non.p20","under5",52,65,16,33,10,8,5,31732000
"afhr70dt","male","non.p20","urban",52,65,25,33,23,13,12,31732000
"afhr70dt","male","p20","primary",52,35,20,18,4,17,4,10736000
"afhr70dt","male","p20","rural",52,35,75,18,34,39,18,31732000
"afhr70dt","male","p20","secondary",52,35,10,18,1,8,1,10736000
"afhr70dt","male","p20","stunted",51,35,,18,0,0,0,5236000
"afhr70dt","male","p20","under5",52,35,16,18,6,8,3,31732000
"afhr70dt","male","p20","urban",52,35,25,18,1,13,1,31732000
"afhr70dt","male","primary","rural",52,20,75,17,11,39,10,10736000
"afhr70dt","male","primary","secondary",52,20,10,17,10,8,8,10736000
"afhr70dt","male","primary","stunted",,,,,,,,10736000
"afhr70dt","male","primary","under5",52,20,0,17,0,0,0,10736000
"afhr70dt","male","primary","urban",52,20,25,17,9,13,7,10736000
"afhr70dt","male","rural","secondary",52,75,10,39,5,8,4,10736000
"afhr70dt","male","rural","stunted",51,77,,40,0,0,0,5236000
"afhr70dt","male","rural","under5",52,75,16,39,12,8,6,31732000
"afhr70dt","male","rural","urban",52,75,25,39,0,13,0,31732000
"afhr70dt","male","secondary","stunted",,,,,,,,10736000
"afhr70dt","male","secondary","under5",52,10,0,8,0,0,0,10736000
"afhr70dt","male","secondary","urban",52,10,25,8,5,13,4,10736000
"afhr70dt","male","stunted","under5",51,,100,0,,51,0,5236000
"afhr70dt","male","stunted","urban",51,,23,0,0,12,0,5236000
"afhr70dt","male","under5","urban",52,16,25,8,4,13,2,31732000
"afhr70dt","no.birth.reg","no.educ","no.skilled.attendant",,,,,,,,3857000
"afhr70dt","no.birth.reg","no.educ","non.p20",,,,,,,,10736000
"afhr70dt","no.birth.reg","no.educ","p20",,,,,,,,10736000
"afhr70dt","no.birth.reg","no.educ","primary",,,,,,,,10736000
"afhr70dt","no.birth.reg","no.educ","rural",,,,,,,,10736000
"afhr70dt","no.birth.reg","no.educ","secondary",,,,,,,,10736000
"afhr70dt","no.birth.reg","no.educ","stunted",,,,,,,,10736000
"afhr70dt","no.birth.reg","no.educ","under5",,,,,,,,10736000
"afhr70dt","no.birth.reg","no.educ","urban",,,,,,,,10736000
"afhr70dt","no.birth.reg","no.skilled.attendant","non.p20",,,,,,,,5236000
"afhr70dt","no.birth.reg","no.skilled.attendant","p20",,,,,,,,5236000
"afhr70dt","no.birth.reg","no.skilled.attendant","primary",,,,,,,,3857000
"afhr70dt","no.birth.reg","no.skilled.attendant","rural",,,,,,,,5236000
"afhr70dt","no.birth.reg","no.skilled.attendant","secondary",,,,,,,,3857000
"afhr70dt","no.birth.reg","no.skilled.attendant","stunted",,,,,,,,5236000
"afhr70dt","no.birth.reg","no.skilled.attendant","under5",,,,,,,,5236000
"afhr70dt","no.birth.reg","no.skilled.attendant","urban",,,,,,,,5236000
"afhr70dt","no.birth.reg","non.p20","p20",56,65,35,32,0,24,0,5236000
"afhr70dt","no.birth.reg","non.p20","primary",,,,,,,,10736000
"afhr70dt","no.birth.reg","non.p20","rural",56,65,77,32,43,48,24,5236000
"afhr70dt","no.birth.reg","non.p20","secondary",,,,,,,,10736000
"afhr70dt","no.birth.reg","non.p20","stunted",56,65,,32,0,0,0,5236000
"afhr70dt","no.birth.reg","non.p20","under5",56,65,100,32,65,56,32,5236000
"afhr70dt","no.birth.reg","non.p20","urban",56,65,23,32,22,8,7,5236000
"afhr70dt","no.birth.reg","p20","primary",,,,,,,,10736000
"afhr70dt","no.birth.reg","p20","rural",56,35,77,24,34,48,23,5236000
"afhr70dt","no.birth.reg","p20","secondary",,,,,,,,10736000
"afhr70dt","no.birth.reg","p20","stunted",56,35,,24,0,0,0,5236000
"afhr70dt","no.birth.reg","p20","under5",56,35,100,24,35,56,24,5236000
"afhr70dt","no.birth.reg","p20","urban",56,35,23,24,1,8,1,5236000
"afhr70dt","no.birth.reg","primary","rural",,,,,,,,10736000
"afhr70dt","no.birth.reg","primary","secondary",,,,,,,,10736000
"afhr70dt","no.birth.reg","primary","stunted",,,,,,,,10736000
"afhr70dt","no.birth.reg","primary","under5",,,,,,,,10736000
"afhr70dt","no.birth.reg","primary","urban",,,,,,,,10736000
"afhr70dt","no.birth.reg","rural","secondary",,,,,,,,10736000
"afhr70dt","no.birth.reg","rural","stunted",56,77,,48,0,0,0,5236000
"afhr70dt","no.birth.reg","rural","under5",56,77,100,48,77,56,48,5236000
"afhr70dt","no.birth.reg","rural","urban",56,77,23,48,0,8,0,5236000
"afhr70dt","no.birth.reg","secondary","stunted",,,,,,,,10736000
"afhr70dt","no.birth.reg","secondary","under5",,,,,,,,10736000
"afhr70dt","no.birth.reg","secondary","urban",,,,,,,,10736000
"afhr70dt","no.birth.reg","stunted","under5",56,,100,0,,56,0,5236000
"afhr70dt","no.birth.reg","stunted","urban",56,,23,0,0,8,0,5236000
"afhr70dt","no.birth.reg","under5","urban",56,100,23,56,23,8,8,5236000
"afhr70dt","no.educ","no.skilled.attendant","non.p20",93,46,64,45,22,58,21,3857000
"afhr70dt","no.educ","no.skilled.attendant","p20",93,46,36,45,24,35,23,3857000
"afhr70dt","no.educ","no.skilled.attendant","primary",93,46,7,45,1,0,0,3857000
"afhr70dt","no.educ","no.skilled.attendant","rural",93,46,78,45,42,74,41,3857000
"afhr70dt","no.educ","no.skilled.attendant","secondary",93,46,3,45,0,0,0,3857000
"afhr70dt","no.educ","no.skilled.attendant","stunted",,,,,,,,3857000
"afhr70dt","no.educ","no.skilled.attendant","under5",93,46,0,45,0,0,0,3857000
"afhr70dt","no.educ","no.skilled.attendant","urban",93,46,22,45,4,18,4,3857000
"afhr70dt","no.educ","non.p20","p20",80,65,35,49,0,31,0,10736000
"afhr70dt","no.educ","non.p20","primary",80,65,20,49,16,0,0,10736000
"afhr70dt","no.educ","non.p20","rural",80,65,75,49,41,63,33,10736000
"afhr70dt","no.educ","non.p20","secondary",80,65,10,49,9,0,0,10736000
"afhr70dt","no.educ","non.p20","stunted",,,,,,,,10736000
"afhr70dt","no.educ","non.p20","under5",80,65,0,49,0,0,0,10736000
"afhr70dt","no.educ","non.p20","urban",80,65,25,49,24,17,16,10736000
"afhr70dt","no.educ","p20","primary",80,35,20,31,4,0,0,10736000
"afhr70dt","no.educ","p20","rural",80,35,75,31,34,63,30,10736000
"afhr70dt","no.educ","p20","secondary",80,35,10,31,1,0,0,10736000
"afhr70dt","no.educ","p20","stunted",,,,,,,,10736000
"afhr70dt","no.educ","p20","under5",80,35,0,31,0,0,0,10736000
"afhr70dt","no.educ","p20","urban",80,35,25,31,1,17,1,10736000
"afhr70dt","no.educ","primary","rural",80,20,75,0,11,63,0,10736000
"afhr70dt","no.educ","primary","secondary",80,20,10,0,10,0,0,10736000
"afhr70dt","no.educ","primary","stunted",,,,,,,,10736000
"afhr70dt","no.educ","primary","under5",80,20,0,0,0,0,0,10736000
"afhr70dt","no.educ","primary","urban",80,20,25,0,9,17,0,10736000
"afhr70dt","no.educ","rural","secondary",80,75,10,63,5,0,0,10736000
"afhr70dt","no.educ","rural","stunted",,,,,,,,10736000
"afhr70dt","no.educ","rural","under5",80,75,0,63,0,0,0,10736000
"afhr70dt","no.educ","rural","urban",80,75,25,63,0,17,0,10736000
"afhr70dt","no.educ","secondary","stunted",,,,,,,,10736000
"afhr70dt","no.educ","secondary","under5",80,10,0,0,0,0,0,10736000
"afhr70dt","no.educ","secondary","urban",80,10,25,0,5,17,0,10736000
"afhr70dt","no.educ","stunted","under5",,,,,,,,10736000
"afhr70dt","no.educ","stunted","urban",,,,,,,,10736000
"afhr70dt","no.educ","under5","urban",80,0,25,0,0,17,0,10736000
"afhr70dt","no.skilled.attendant","non.p20","p20",44,64,36,21,0,23,0,6942000
"afhr70dt","no.skilled.attendant","non.p20","primary",46,64,7,22,7,1,1,3857000
"afhr70dt","no.skilled.attendant","non.p20","rural",44,64,78,21,43,40,18,6942000
"afhr70dt","no.skilled.attendant","non.p20","secondary",46,64,3,22,3,0,0,3857000
"afhr70dt","no.skilled.attendant","non.p20","stunted",,,,,,,,5236000
"afhr70dt","no.skilled.attendant","non.p20","under5",44,64,0,21,0,0,0,6942000
"afhr70dt","no.skilled.attendant","non.p20","urban",44,64,22,21,21,4,3,6942000
"afhr70dt","no.skilled.attendant","p20","primary",46,36,7,24,1,1,0,3857000
"afhr70dt","no.skilled.attendant","p20","rural",44,36,78,23,35,40,23,6942000
"afhr70dt","no.skilled.attendant","p20","secondary",46,36,3,24,0,0,0,3857000
"afhr70dt","no.skilled.attendant","p20","stunted",,,,,,,,5236000
"afhr70dt","no.skilled.attendant","p20","under5",44,36,0,23,0,0,0,6942000
"afhr70dt","no.skilled.attendant","p20","urban",44,36,22,23,1,4,1,6942000
"afhr70dt","no.skilled.attendant","primary","rural",46,7,78,1,3,42,1,3857000
"afhr70dt","no.skilled.attendant","primary","secondary",46,7,3,1,3,0,0,3857000
"afhr70dt","no.skilled.attendant","primary","stunted",,,,,,,,3857000
"afhr70dt","no.skilled.attendant","primary","under5",46,7,0,1,0,0,0,3857000
"afhr70dt","no.skilled.attendant","primary","urban",46,7,22,1,4,4,0,3857000
"afhr70dt","no.skilled.attendant","rural","secondary",46,78,3,42,1,0,0,3857000
"afhr70dt","no.skilled.attendant","rural","stunted",,,,,,,,5236000
"afhr70dt","no.skilled.attendant","rural","under5",44,78,0,40,0,0,0,6942000
"afhr70dt","no.skilled.attendant","rural","urban",44,78,22,40,0,4,0,6942000
"afhr70dt","no.skilled.attendant","secondary","stunted",,,,,,,,3857000
"afhr70dt","no.skilled.attendant","secondary","under5",46,3,0,0,0,0,0,3857000
"afhr70dt","no.skilled.attendant","secondary","urban",46,3,22,0,2,4,0,3857000
"afhr70dt","no.skilled.attendant","stunted","under5",,,,,,,,5236000
"afhr70dt","no.skilled.attendant","stunted","urban",,,,,,,,5236000
"afhr70dt","no.skilled.attendant","under5","urban",44,0,22,0,0,4,0,6942000
"afhr70dt","non.p20","p20","primary",65,35,20,0,4,16,0,10736000
"afhr70dt","non.p20","p20","rural",65,35,75,0,34,41,0,31732000
"afhr70dt","non.p20","p20","secondary",65,35,10,0,1,9,0,10736000
"afhr70dt","non.p20","p20","stunted",65,35,,0,0,0,0,5236000
"afhr70dt","non.p20","p20","under5",65,35,16,0,6,10,0,31732000
"afhr70dt","non.p20","p20","urban",65,35,25,0,1,23,0,31732000
"afhr70dt","non.p20","primary","rural",65,20,75,16,11,41,8,10736000
"afhr70dt","non.p20","primary","secondary",65,20,10,16,10,9,9,10736000
"afhr70dt","non.p20","primary","stunted",,,,,,,,10736000
"afhr70dt","non.p20","primary","under5",65,20,0,16,0,0,0,10736000
"afhr70dt","non.p20","primary","urban",65,20,25,16,9,24,8,10736000
"afhr70dt","non.p20","rural","secondary",65,75,10,41,5,9,4,10736000
"afhr70dt","non.p20","rural","stunted",65,77,,43,0,0,0,5236000
"afhr70dt","non.p20","rural","under5",65,75,16,41,12,10,7,31732000
"afhr70dt","non.p20","rural","urban",65,75,25,41,0,23,0,31732000
"afhr70dt","non.p20","secondary","stunted",,,,,,,,10736000
"afhr70dt","non.p20","secondary","under5",65,10,0,9,0,0,0,10736000
"afhr70dt","non.p20","secondary","urban",65,10,25,9,5,24,5,10736000
"afhr70dt","non.p20","stunted","under5",65,,100,0,,65,0,5236000
"afhr70dt","non.p20","stunted","urban",65,,23,0,0,22,0,5236000
"afhr70dt","non.p20","under5","urban",65,16,25,10,4,23,3,31732000
"afhr70dt","p20","primary","rural",35,20,75,4,11,34,4,10736000
"afhr70dt","p20","primary","secondary",35,20,10,4,10,1,1,10736000
"afhr70dt","p20","primary","stunted",,,,,,,,10736000
"afhr70dt","p20","primary","under5",35,20,0,4,0,0,0,10736000
"afhr70dt","p20","primary","urban",35,20,25,4,9,1,0,10736000
"afhr70dt","p20","rural","secondary",35,75,10,34,5,1,1,10736000
"afhr70dt","p20","rural","stunted",35,77,,34,0,0,0,5236000
"afhr70dt","p20","rural","under5",35,75,16,34,12,6,5,31732000
"afhr70dt","p20","rural","urban",35,75,25,34,0,1,0,31732000
"afhr70dt","p20","secondary","stunted",,,,,,,,10736000
"afhr70dt","p20","secondary","under5",35,10,0,1,0,0,0,10736000
"afhr70dt","p20","secondary","urban",35,10,25,1,5,1,0,10736000
"afhr70dt","p20","stunted","under5",35,,100,0,,35,0,5236000
"afhr70dt","p20","stunted","urban",35,,23,0,0,1,0,5236000
"afhr70dt","p20","under5","urban",35,16,25,6,4,1,0,31732000
"afhr70dt","primary","rural","secondary",20,75,10,11,5,10,5,10736000
"afhr70dt","primary","rural","stunted",,,,,,,,10736000
"afhr70dt","primary","rural","under5",20,75,0,11,0,0,0,10736000
"afhr70dt","primary","rural","urban",20,75,25,11,0,9,0,10736000
"afhr70dt","primary","secondary","stunted",,,,,,,,10736000
"afhr70dt","primary","secondary","under5",20,10,0,10,0,0,0,10736000
"afhr70dt","primary","secondary","urban",20,10,25,10,5,9,5,10736000
"afhr70dt","primary","stunted","under5",,,,,,,,10736000
"afhr70dt","primary","stunted","urban",,,,,,,,10736000
"afhr70dt","primary","under5","urban",20,0,25,0,0,9,0,10736000
"afhr70dt","rural","secondary","stunted",,,,,,,,10736000
"afhr70dt","rural","secondary","under5",75,10,0,5,0,0,0,10736000
"afhr70dt","rural","secondary","urban",75,10,25,5,5,0,0,10736000
"afhr70dt","rural","stunted","under5",77,,100,0,,77,0,5236000
"afhr70dt","rural","stunted","urban",77,,23,0,0,0,0,5236000
"afhr70dt","rural","under5","urban",75,16,25,12,4,0,0,31732000
"afhr70dt","secondary","stunted","under5",,,,,,,,10736000
"afhr70dt","secondary","stunted","urban",,,,,,,,10736000
"afhr70dt","secondary","under5","urban",10,0,25,0,0,5,0,10736000
"afhr70dt","stunted","under5","urban",,100,23,,23,0,0,5236000
